       000       000       000
       001       001       000
       002       002       000
       003       003       000
       004       004       000
       005       005       000
       006       006       000
       007       007       000
       008       008       000
       009       009       000
       010       010       000
       011       011       000
       012       012       000
       013       013       000
       014       014       000
       015       015       000
       016       016       000
       017       017       000
       018       018       000
       019       019       000
       020       020       000
       021       021       000
       022       022       000
       023       023       000
       024       024       000
       025       025       000
       026       026       000
       027       027       000
       028       028       000
       029       029       000
       030       030       000
       031       031       000
       032       032       000
       033       033       000
       034       034       000
       035       035       000
       036       036       000
       037       037       000
       038       038       000
       039       039       000
       040       040       000
       041       041       000
       042       042       000
       043       043       000
       044       044       000
       045       045       000
       046       046       000
       047       047       000
       048       048       000
       049       049       000
       050       050       000
       051       051       000
       052       052       000
       053       053       000
       054       054       000
       055       055       000
       056       056       000
       057       057       000
       058       058       000
       059       059       000
       060       060       000
       061       061       000
       062       062       000
       063       063       000
       064       064       000
       065       065       000
       066       066       000
       067       067       000
       068       068       000
       069       069       000
       070       070       000
       071       071       000
       072       072       000
       073       073       000
       074       074       000
       075       075       000
       001       001       001
       002       002       001
       003       003       001
       004       004       001
       005       005       001
       006       006       001
       007       007       001
       008       008       001
       009       009       001
       010       010       001
       011       011       001
       012       012       001
       013       013       001
       014       014       001
       015       015       001
       016       016       001
       017       017       001
       018       018       001
       019       019       001
       020       020       001
       021       021       001
       022       022       001
       023       023       001
       024       024       001
       025       025       001
       026       026       001
       027       027       001
       028       028       001
       029       029       001
       030       030       001
       031       031       001
       032       032       001
       033       033       001
       034       034       001
       035       035       001
       036       036       001
       037       037       001
       038       038       001
       039       039       001
       040       040       001
       041       041       001
       042       042       001
       043       043       001
       044       044       001
       045       045       001
       046       046       001
       047       047       001
       048       048       001
       049       049       001
       050       050       001
       051       051       001
       052       052       001
       053       053       001
       054       054       001
       055       055       001
       056       056       001
       057       057       001
       058       058       001
       059       059       001
       060       060       001
       061       061       001
       062       062       001
       063       063       001
       064       064       001
       065       065       001
       066       066       001
       067       067       001
       068       068       001
       069       069       001
       070       070       001
       071       071       001
       072       072       001
       073       073       001
       074       074       001
       002       002       002
       003       003       002
       004       004       002
       005       005       002
       006       006       002
       007       007       002
       008       008       002
       009       009       002
       010       010       002
       011       011       002
       012       012       002
       013       013       002
       014       014       002
       015       015       002
       016       016       002
       017       017       002
       018       018       002
       019       019       002
       020       020       002
       021       021       002
       022       022       002
       023       023       002
       024       024       002
       025       025       002
       026       026       002
       027       027       002
       028       028       002
       029       029       002
       030       030       002
       031       031       002
       032       032       002
       033       033       002
       034       034       002
       035       035       002
       036       036       002
       037       037       002
       038       038       002
       039       039       002
       040       040       002
       041       041       002
       042       042       002
       043       043       002
       044       044       002
       045       045       002
       046       046       002
       047       047       002
       048       048       002
       049       049       002
       050       050       002
       051       051       002
       052       052       002
       053       053       002
       054       054       002
       055       055       002
       056       056       002
       057       057       002
       058       058       002
       059       059       002
       060       060       002
       061       061       002
       062       062       002
       063       063       002
       064       064       002
       065       065       002
       066       066       002
       067       067       002
       068       068       002
       069       069       002
       070       070       002
       071       071       002
       072       072       002
       073       073       002
       074       074       002
       003       003       003
       004       004       003
       005       005       003
       006       006       003
       007       007       003
       008       008       003
       009       009       003
       010       010       003
       011       011       003
       012       012       003
       013       013       003
       014       014       003
       015       015       003
       016       016       003
       017       017       003
       018       018       003
       019       019       003
       020       020       003
       021       021       003
       022       022       003
       023       023       003
       024       024       003
       025       025       003
       026       026       003
       027       027       003
       028       028       003
       029       029       003
       030       030       003
       031       031       003
       032       032       003
       033       033       003
       034       034       003
       035       035       003
       036       036       003
       037       037       003
       038       038       003
       039       039       003
       040       040       003
       041       041       003
       042       042       003
       043       043       003
       044       044       003
       045       045       003
       046       046       003
       047       047       003
       048       048       003
       049       049       003
       050       050       003
       051       051       003
       052       052       003
       053       053       003
       054       054       003
       055       055       003
       056       056       003
       057       057       003
       058       058       003
       059       059       003
       060       060       003
       061       061       003
       062       062       003
       063       063       003
       064       064       003
       065       065       003
       066       066       003
       067       067       003
       068       068       003
       069       069       003
       070       070       003
       071       071       003
       072       072       003
       073       073       003
       004       004       004
       005       005       004
       006       006       004
       007       007       004
       008       008       004
       009       009       004
       010       010       004
       011       011       004
       012       012       004
       013       013       004
       014       014       004
       015       015       004
       016       016       004
       017       017       004
       018       018       004
       019       019       004
       020       020       004
       021       021       004
       022       022       004
       023       023       004
       024       024       004
       025       025       004
       026       026       004
       027       027       004
       028       028       004
       029       029       004
       030       030       004
       031       031       004
       032       032       004
       033       033       004
       034       034       004
       035       035       004
       036       036       004
       037       037       004
       038       038       004
       039       039       004
       040       040       004
       041       041       004
       042       042       004
       043       043       004
       044       044       004
       045       045       004
       046       046       004
       047       047       004
       048       048       004
       049       049       004
       050       050       004
       051       051       004
       052       052       004
       053       053       004
       054       054       004
       055       055       004
       056       056       004
       057       057       004
       058       058       004
       059       059       004
       060       060       004
       061       061       004
       062       062       004
       063       063       004
       064       064       004
       065       065       004
       066       066       004
       067       067       004
       068       068       004
       069       069       004
       070       070       004
       071       071       004
       072       072       004
       073       073       004
       005       005       005
       006       006       005
       007       007       005
       008       008       005
       009       009       005
       010       010       005
       011       011       005
       012       012       005
       013       013       005
       014       014       005
       015       015       005
       016       016       005
       017       017       005
       018       018       005
       019       019       005
       020       020       005
       021       021       005
       022       022       005
       023       023       005
       024       024       005
       025       025       005
       026       026       005
       027       027       005
       028       028       005
       029       029       005
       030       030       005
       031       031       005
       032       032       005
       033       033       005
       034       034       005
       035       035       005
       036       036       005
       037       037       005
       038       038       005
       039       039       005
       040       040       005
       041       041       005
       042       042       005
       043       043       005
       044       044       005
       045       045       005
       046       046       005
       047       047       005
       048       048       005
       049       049       005
       050       050       005
       051       051       005
       052       052       005
       053       053       005
       054       054       005
       055       055       005
       056       056       005
       057       057       005
       058       058       005
       059       059       005
       060       060       005
       061       061       005
       062       062       005
       063       063       005
       064       064       005
       065       065       005
       066       066       005
       067       067       005
       068       068       005
       069       069       005
       070       070       005
       071       071       005
       072       072       005
       006       006       006
       007       007       006
       008       008       006
       009       009       006
       010       010       006
       011       011       006
       012       012       006
       013       013       006
       014       014       006
       015       015       006
       016       016       006
       017       017       006
       018       018       006
       019       019       006
       020       020       006
       021       021       006
       022       022       006
       023       023       006
       024       024       006
       025       025       006
       026       026       006
       027       027       006
       028       028       006
       029       029       006
       030       030       006
       031       031       006
       032       032       006
       033       033       006
       034       034       006
       035       035       006
       036       036       006
       037       037       006
       038       038       006
       039       039       006
       040       040       006
       041       041       006
       042       042       006
       043       043       006
       044       044       006
       045       045       006
       046       046       006
       047       047       006
       048       048       006
       049       049       006
       050       050       006
       051       051       006
       052       052       006
       053       053       006
       054       054       006
       055       055       006
       056       056       006
       057       057       006
       058       058       006
       059       059       006
       060       060       006
       061       061       006
       062       062       006
       063       063       006
       064       064       006
       065       065       006
       066       066       006
       067       067       006
       068       068       006
       069       069       006
       070       070       006
       071       071       006
       072       072       006
       007       007       007
       008       008       007
       009       009       007
       010       010       007
       011       011       007
       012       012       007
       013       013       007
       014       014       007
       015       015       007
       016       016       007
       017       017       007
       018       018       007
       019       019       007
       020       020       007
       021       021       007
       022       022       007
       023       023       007
       024       024       007
       025       025       007
       026       026       007
       027       027       007
       028       028       007
       029       029       007
       030       030       007
       031       031       007
       032       032       007
       033       033       007
       034       034       007
       035       035       007
       036       036       007
       037       037       007
       038       038       007
       039       039       007
       040       040       007
       041       041       007
       042       042       007
       043       043       007
       044       044       007
       045       045       007
       046       046       007
       047       047       007
       048       048       007
       049       049       007
       050       050       007
       051       051       007
       052       052       007
       053       053       007
       054       054       007
       055       055       007
       056       056       007
       057       057       007
       058       058       007
       059       059       007
       060       060       007
       061       061       007
       062       062       007
       063       063       007
       064       064       007
       065       065       007
       066       066       007
       067       067       007
       068       068       007
       069       069       007
       070       070       007
       071       071       007
       008       008       008
       009       009       008
       010       010       008
       011       011       008
       012       012       008
       013       013       008
       014       014       008
       015       015       008
       016       016       008
       017       017       008
       018       018       008
       019       019       008
       020       020       008
       021       021       008
       022       022       008
       023       023       008
       024       024       008
       025       025       008
       026       026       008
       027       027       008
       028       028       008
       029       029       008
       030       030       008
       031       031       008
       032       032       008
       033       033       008
       034       034       008
       035       035       008
       036       036       008
       037       037       008
       038       038       008
       039       039       008
       040       040       008
       041       041       008
       042       042       008
       043       043       008
       044       044       008
       045       045       008
       046       046       008
       047       047       008
       048       048       008
       049       049       008
       050       050       008
       051       051       008
       052       052       008
       053       053       008
       054       054       008
       055       055       008
       056       056       008
       057       057       008
       058       058       008
       059       059       008
       060       060       008
       061       061       008
       062       062       008
       063       063       008
       064       064       008
       065       065       008
       066       066       008
       067       067       008
       068       068       008
       069       069       008
       070       070       008
       071       071       008
       009       009       009
       010       010       009
       011       011       009
       012       012       009
       013       013       009
       014       014       009
       015       015       009
       016       016       009
       017       017       009
       018       018       009
       019       019       009
       020       020       009
       021       021       009
       022       022       009
       023       023       009
       024       024       009
       025       025       009
       026       026       009
       027       027       009
       028       028       009
       029       029       009
       030       030       009
       031       031       009
       032       032       009
       033       033       009
       034       034       009
       035       035       009
       036       036       009
       037       037       009
       038       038       009
       039       039       009
       040       040       009
       041       041       009
       042       042       009
       043       043       009
       044       044       009
       045       045       009
       046       046       009
       047       047       009
       048       048       009
       049       049       009
       050       050       009
       051       051       009
       052       052       009
       053       053       009
       054       054       009
       055       055       009
       056       056       009
       057       057       009
       058       058       009
       059       059       009
       060       060       009
       061       061       009
       062       062       009
       063       063       009
       064       064       009
       065       065       009
       066       066       009
       067       067       009
       068       068       009
       069       069       009
       070       070       009
       010       010       010
       011       011       010
       012       012       010
       013       013       010
       014       014       010
       015       015       010
       016       016       010
       017       017       010
       018       018       010
       019       019       010
       020       020       010
       021       021       010
       022       022       010
       023       023       010
       024       024       010
       025       025       010
       026       026       010
       027       027       010
       028       028       010
       029       029       010
       030       030       010
       031       031       010
       032       032       010
       033       033       010
       034       034       010
       035       035       010
       036       036       010
       037       037       010
       038       038       010
       039       039       010
       040       040       010
       041       041       010
       042       042       010
       043       043       010
       044       044       010
       045       045       010
       046       046       010
       047       047       010
       048       048       010
       049       049       010
       050       050       010
       051       051       010
       052       052       010
       053       053       010
       054       054       010
       055       055       010
       056       056       010
       057       057       010
       058       058       010
       059       059       010
       060       060       010
       061       061       010
       062       062       010
       063       063       010
       064       064       010
       065       065       010
       066       066       010
       067       067       010
       068       068       010
       069       069       010
       070       070       010
       011       011       011
       012       012       011
       013       013       011
       014       014       011
       015       015       011
       016       016       011
       017       017       011
       018       018       011
       019       019       011
       020       020       011
       021       021       011
       022       022       011
       023       023       011
       024       024       011
       025       025       011
       026       026       011
       027       027       011
       028       028       011
       029       029       011
       030       030       011
       031       031       011
       032       032       011
       033       033       011
       034       034       011
       035       035       011
       036       036       011
       037       037       011
       038       038       011
       039       039       011
       040       040       011
       041       041       011
       042       042       011
       043       043       011
       044       044       011
       045       045       011
       046       046       011
       047       047       011
       048       048       011
       049       049       011
       050       050       011
       051       051       011
       052       052       011
       053       053       011
       054       054       011
       055       055       011
       056       056       011
       057       057       011
       058       058       011
       059       059       011
       060       060       011
       061       061       011
       062       062       011
       063       063       011
       064       064       011
       065       065       011
       066       066       011
       067       067       011
       068       068       011
       069       069       011
       012       012       012
       013       013       012
       014       014       012
       015       015       012
       016       016       012
       017       017       012
       018       018       012
       019       019       012
       020       020       012
       021       021       012
       022       022       012
       023       023       012
       024       024       012
       025       025       012
       026       026       012
       027       027       012
       028       028       012
       029       029       012
       030       030       012
       031       031       012
       032       032       012
       033       033       012
       034       034       012
       035       035       012
       036       036       012
       037       037       012
       038       038       012
       039       039       012
       040       040       012
       041       041       012
       042       042       012
       043       043       012
       044       044       012
       045       045       012
       046       046       012
       047       047       012
       048       048       012
       049       049       012
       050       050       012
       051       051       012
       052       052       012
       053       053       012
       054       054       012
       055       055       012
       056       056       012
       057       057       012
       058       058       012
       059       059       012
       060       060       012
       061       061       012
       062       062       012
       063       063       012
       064       064       012
       065       065       012
       066       066       012
       067       067       012
       068       068       012
       069       069       012
       013       013       013
       014       014       013
       015       015       013
       016       016       013
       017       017       013
       018       018       013
       019       019       013
       020       020       013
       021       021       013
       022       022       013
       023       023       013
       024       024       013
       025       025       013
       026       026       013
       027       027       013
       028       028       013
       029       029       013
       030       030       013
       031       031       013
       032       032       013
       033       033       013
       034       034       013
       035       035       013
       036       036       013
       037       037       013
       038       038       013
       039       039       013
       040       040       013
       041       041       013
       042       042       013
       043       043       013
       044       044       013
       045       045       013
       046       046       013
       047       047       013
       048       048       013
       049       049       013
       050       050       013
       051       051       013
       052       052       013
       053       053       013
       054       054       013
       055       055       013
       056       056       013
       057       057       013
       058       058       013
       059       059       013
       060       060       013
       061       061       013
       062       062       013
       063       063       013
       064       064       013
       065       065       013
       066       066       013
       067       067       013
       068       068       013
       014       014       014
       015       015       014
       016       016       014
       017       017       014
       018       018       014
       019       019       014
       020       020       014
       021       021       014
       022       022       014
       023       023       014
       024       024       014
       025       025       014
       026       026       014
       027       027       014
       028       028       014
       029       029       014
       030       030       014
       031       031       014
       032       032       014
       033       033       014
       034       034       014
       035       035       014
       036       036       014
       037       037       014
       038       038       014
       039       039       014
       040       040       014
       041       041       014
       042       042       014
       043       043       014
       044       044       014
       045       045       014
       046       046       014
       047       047       014
       048       048       014
       049       049       014
       050       050       014
       051       051       014
       052       052       014
       053       053       014
       054       054       014
       055       055       014
       056       056       014
       057       057       014
       058       058       014
       059       059       014
       060       060       014
       061       061       014
       062       062       014
       063       063       014
       064       064       014
       065       065       014
       066       066       014
       067       067       014
       068       068       014
       015       015       015
       016       016       015
       017       017       015
       018       018       015
       019       019       015
       020       020       015
       021       021       015
       022       022       015
       023       023       015
       024       024       015
       025       025       015
       026       026       015
       027       027       015
       028       028       015
       029       029       015
       030       030       015
       031       031       015
       032       032       015
       033       033       015
       034       034       015
       035       035       015
       036       036       015
       037       037       015
       038       038       015
       039       039       015
       040       040       015
       041       041       015
       042       042       015
       043       043       015
       044       044       015
       045       045       015
       046       046       015
       047       047       015
       048       048       015
       049       049       015
       050       050       015
       051       051       015
       052       052       015
       053       053       015
       054       054       015
       055       055       015
       056       056       015
       057       057       015
       058       058       015
       059       059       015
       060       060       015
       061       061       015
       062       062       015
       063       063       015
       064       064       015
       065       065       015
       066       066       015
       067       067       015
       016       016       016
       017       017       016
       018       018       016
       019       019       016
       020       020       016
       021       021       016
       022       022       016
       023       023       016
       024       024       016
       025       025       016
       026       026       016
       027       027       016
       028       028       016
       029       029       016
       030       030       016
       031       031       016
       032       032       016
       033       033       016
       034       034       016
       035       035       016
       036       036       016
       037       037       016
       038       038       016
       039       039       016
       040       040       016
       041       041       016
       042       042       016
       043       043       016
       044       044       016
       045       045       016
       046       046       016
       047       047       016
       048       048       016
       049       049       016
       050       050       016
       051       051       016
       052       052       016
       053       053       016
       054       054       016
       055       055       016
       056       056       016
       057       057       016
       058       058       016
       059       059       016
       060       060       016
       061       061       016
       062       062       016
       063       063       016
       064       064       016
       065       065       016
       066       066       016
       067       067       016
       017       017       017
       018       018       017
       019       019       017
       020       020       017
       021       021       017
       022       022       017
       023       023       017
       024       024       017
       025       025       017
       026       026       017
       027       027       017
       028       028       017
       029       029       017
       030       030       017
       031       031       017
       032       032       017
       033       033       017
       034       034       017
       035       035       017
       036       036       017
       037       037       017
       038       038       017
       039       039       017
       040       040       017
       041       041       017
       042       042       017
       043       043       017
       044       044       017
       045       045       017
       046       046       017
       047       047       017
       048       048       017
       049       049       017
       050       050       017
       051       051       017
       052       052       017
       053       053       017
       054       054       017
       055       055       017
       056       056       017
       057       057       017
       058       058       017
       059       059       017
       060       060       017
       061       061       017
       062       062       017
       063       063       017
       064       064       017
       065       065       017
       066       066       017
       018       018       018
       019       019       018
       020       020       018
       021       021       018
       022       022       018
       023       023       018
       024       024       018
       025       025       018
       026       026       018
       027       027       018
       028       028       018
       029       029       018
       030       030       018
       031       031       018
       032       032       018
       033       033       018
       034       034       018
       035       035       018
       036       036       018
       037       037       018
       038       038       018
       039       039       018
       040       040       018
       041       041       018
       042       042       018
       043       043       018
       044       044       018
       045       045       018
       046       046       018
       047       047       018
       048       048       018
       049       049       018
       050       050       018
       051       051       018
       052       052       018
       053       053       018
       054       054       018
       055       055       018
       056       056       018
       057       057       018
       058       058       018
       059       059       018
       060       060       018
       061       061       018
       062       062       018
       063       063       018
       064       064       018
       065       065       018
       066       066       018
       019       019       019
       020       020       019
       021       021       019
       022       022       019
       023       023       019
       024       024       019
       025       025       019
       026       026       019
       027       027       019
       028       028       019
       029       029       019
       030       030       019
       031       031       019
       032       032       019
       033       033       019
       034       034       019
       035       035       019
       036       036       019
       037       037       019
       038       038       019
       039       039       019
       040       040       019
       041       041       019
       042       042       019
       043       043       019
       044       044       019
       045       045       019
       046       046       019
       047       047       019
       048       048       019
       049       049       019
       050       050       019
       051       051       019
       052       052       019
       053       053       019
       054       054       019
       055       055       019
       056       056       019
       057       057       019
       058       058       019
       059       059       019
       060       060       019
       061       061       019
       062       062       019
       063       063       019
       064       064       019
       065       065       019
       020       020       020
       021       021       020
       022       022       020
       023       023       020
       024       024       020
       025       025       020
       026       026       020
       027       027       020
       028       028       020
       029       029       020
       030       030       020
       031       031       020
       032       032       020
       033       033       020
       034       034       020
       035       035       020
       036       036       020
       037       037       020
       038       038       020
       039       039       020
       040       040       020
       041       041       020
       042       042       020
       043       043       020
       044       044       020
       045       045       020
       046       046       020
       047       047       020
       048       048       020
       049       049       020
       050       050       020
       051       051       020
       052       052       020
       053       053       020
       054       054       020
       055       055       020
       056       056       020
       057       057       020
       058       058       020
       059       059       020
       060       060       020
       061       061       020
       062       062       020
       063       063       020
       064       064       020
       065       065       020
       021       021       021
       022       022       021
       023       023       021
       024       024       021
       025       025       021
       026       026       021
       027       027       021
       028       028       021
       029       029       021
       030       030       021
       031       031       021
       032       032       021
       033       033       021
       034       034       021
       035       035       021
       036       036       021
       037       037       021
       038       038       021
       039       039       021
       040       040       021
       041       041       021
       042       042       021
       043       043       021
       044       044       021
       045       045       021
       046       046       021
       047       047       021
       048       048       021
       049       049       021
       050       050       021
       051       051       021
       052       052       021
       053       053       021
       054       054       021
       055       055       021
       056       056       021
       057       057       021
       058       058       021
       059       059       021
       060       060       021
       061       061       021
       062       062       021
       063       063       021
       064       064       021
       022       022       022
       023       023       022
       024       024       022
       025       025       022
       026       026       022
       027       027       022
       028       028       022
       029       029       022
       030       030       022
       031       031       022
       032       032       022
       033       033       022
       034       034       022
       035       035       022
       036       036       022
       037       037       022
       038       038       022
       039       039       022
       040       040       022
       041       041       022
       042       042       022
       043       043       022
       044       044       022
       045       045       022
       046       046       022
       047       047       022
       048       048       022
       049       049       022
       050       050       022
       051       051       022
       052       052       022
       053       053       022
       054       054       022
       055       055       022
       056       056       022
       057       057       022
       058       058       022
       059       059       022
       060       060       022
       061       061       022
       062       062       022
       063       063       022
       064       064       022
       023       023       023
       024       024       023
       025       025       023
       026       026       023
       027       027       023
       028       028       023
       029       029       023
       030       030       023
       031       031       023
       032       032       023
       033       033       023
       034       034       023
       035       035       023
       036       036       023
       037       037       023
       038       038       023
       039       039       023
       040       040       023
       041       041       023
       042       042       023
       043       043       023
       044       044       023
       045       045       023
       046       046       023
       047       047       023
       048       048       023
       049       049       023
       050       050       023
       051       051       023
       052       052       023
       053       053       023
       054       054       023
       055       055       023
       056       056       023
       057       057       023
       058       058       023
       059       059       023
       060       060       023
       061       061       023
       062       062       023
       063       063       023
       024       024       024
       025       025       024
       026       026       024
       027       027       024
       028       028       024
       029       029       024
       030       030       024
       031       031       024
       032       032       024
       033       033       024
       034       034       024
       035       035       024
       036       036       024
       037       037       024
       038       038       024
       039       039       024
       040       040       024
       041       041       024
       042       042       024
       043       043       024
       044       044       024
       045       045       024
       046       046       024
       047       047       024
       048       048       024
       049       049       024
       050       050       024
       051       051       024
       052       052       024
       053       053       024
       054       054       024
       055       055       024
       056       056       024
       057       057       024
       058       058       024
       059       059       024
       060       060       024
       061       061       024
       062       062       024
       063       063       024
       025       025       025
       026       026       025
       027       027       025
       028       028       025
       029       029       025
       030       030       025
       031       031       025
       032       032       025
       033       033       025
       034       034       025
       035       035       025
       036       036       025
       037       037       025
       038       038       025
       039       039       025
       040       040       025
       041       041       025
       042       042       025
       043       043       025
       044       044       025
       045       045       025
       046       046       025
       047       047       025
       048       048       025
       049       049       025
       050       050       025
       051       051       025
       052       052       025
       053       053       025
       054       054       025
       055       055       025
       056       056       025
       057       057       025
       058       058       025
       059       059       025
       060       060       025
       061       061       025
       062       062       025
       026       026       026
       027       027       026
       028       028       026
       029       029       026
       030       030       026
       031       031       026
       032       032       026
       033       033       026
       034       034       026
       035       035       026
       036       036       026
       037       037       026
       038       038       026
       039       039       026
       040       040       026
       041       041       026
       042       042       026
       043       043       026
       044       044       026
       045       045       026
       046       046       026
       047       047       026
       048       048       026
       049       049       026
       050       050       026
       051       051       026
       052       052       026
       053       053       026
       054       054       026
       055       055       026
       056       056       026
       057       057       026
       058       058       026
       059       059       026
       060       060       026
       061       061       026
       062       062       026
       027       027       027
       028       028       027
       029       029       027
       030       030       027
       031       031       027
       032       032       027
       033       033       027
       034       034       027
       035       035       027
       036       036       027
       037       037       027
       038       038       027
       039       039       027
       040       040       027
       041       041       027
       042       042       027
       043       043       027
       044       044       027
       045       045       027
       046       046       027
       047       047       027
       048       048       027
       049       049       027
       050       050       027
       051       051       027
       052       052       027
       053       053       027
       054       054       027
       055       055       027
       056       056       027
       057       057       027
       058       058       027
       059       059       027
       060       060       027
       061       061       027
       028       028       028
       029       029       028
       030       030       028
       031       031       028
       032       032       028
       033       033       028
       034       034       028
       035       035       028
       036       036       028
       037       037       028
       038       038       028
       039       039       028
       040       040       028
       041       041       028
       042       042       028
       043       043       028
       044       044       028
       045       045       028
       046       046       028
       047       047       028
       048       048       028
       049       049       028
       050       050       028
       051       051       028
       052       052       028
       053       053       028
       054       054       028
       055       055       028
       056       056       028
       057       057       028
       058       058       028
       059       059       028
       060       060       028
       061       061       028
       029       029       029
       030       030       029
       031       031       029
       032       032       029
       033       033       029
       034       034       029
       035       035       029
       036       036       029
       037       037       029
       038       038       029
       039       039       029
       040       040       029
       041       041       029
       042       042       029
       043       043       029
       044       044       029
       045       045       029
       046       046       029
       047       047       029
       048       048       029
       049       049       029
       050       050       029
       051       051       029
       052       052       029
       053       053       029
       054       054       029
       055       055       029
       056       056       029
       057       057       029
       058       058       029
       059       059       029
       060       060       029
       030       030       030
       031       031       030
       032       032       030
       033       033       030
       034       034       030
       035       035       030
       036       036       030
       037       037       030
       038       038       030
       039       039       030
       040       040       030
       041       041       030
       042       042       030
       043       043       030
       044       044       030
       045       045       030
       046       046       030
       047       047       030
       048       048       030
       049       049       030
       050       050       030
       051       051       030
       052       052       030
       053       053       030
       054       054       030
       055       055       030
       056       056       030
       057       057       030
       058       058       030
       059       059       030
       060       060       030
       031       031       031
       032       032       031
       033       033       031
       034       034       031
       035       035       031
       036       036       031
       037       037       031
       038       038       031
       039       039       031
       040       040       031
       041       041       031
       042       042       031
       043       043       031
       044       044       031
       045       045       031
       046       046       031
       047       047       031
       048       048       031
       049       049       031
       050       050       031
       051       051       031
       052       052       031
       053       053       031
       054       054       031
       055       055       031
       056       056       031
       057       057       031
       058       058       031
       059       059       031
       032       032       032
       033       033       032
       034       034       032
       035       035       032
       036       036       032
       037       037       032
       038       038       032
       039       039       032
       040       040       032
       041       041       032
       042       042       032
       043       043       032
       044       044       032
       045       045       032
       046       046       032
       047       047       032
       048       048       032
       049       049       032
       050       050       032
       051       051       032
       052       052       032
       053       053       032
       054       054       032
       055       055       032
       056       056       032
       057       057       032
       058       058       032
       059       059       032
       033       033       033
       034       034       033
       035       035       033
       036       036       033
       037       037       033
       038       038       033
       039       039       033
       040       040       033
       041       041       033
       042       042       033
       043       043       033
       044       044       033
       045       045       033
       046       046       033
       047       047       033
       048       048       033
       049       049       033
       050       050       033
       051       051       033
       052       052       033
       053       053       033
       054       054       033
       055       055       033
       056       056       033
       057       057       033
       058       058       033
       034       034       034
       035       035       034
       036       036       034
       037       037       034
       038       038       034
       039       039       034
       040       040       034
       041       041       034
       042       042       034
       043       043       034
       044       044       034
       045       045       034
       046       046       034
       047       047       034
       048       048       034
       049       049       034
       050       050       034
       051       051       034
       052       052       034
       053       053       034
       054       054       034
       055       055       034
       056       056       034
       057       057       034
       058       058       034
       035       035       035
       036       036       035
       037       037       035
       038       038       035
       039       039       035
       040       040       035
       041       041       035
       042       042       035
       043       043       035
       044       044       035
       045       045       035
       046       046       035
       047       047       035
       048       048       035
       049       049       035
       050       050       035
       051       051       035
       052       052       035
       053       053       035
       054       054       035
       055       055       035
       056       056       035
       057       057       035
       036       036       036
       037       037       036
       038       038       036
       039       039       036
       040       040       036
       041       041       036
       042       042       036
       043       043       036
       044       044       036
       045       045       036
       046       046       036
       047       047       036
       048       048       036
       049       049       036
       050       050       036
       051       051       036
       052       052       036
       053       053       036
       054       054       036
       055       055       036
       056       056       036
       057       057       036
       037       037       037
       038       038       037
       039       039       037
       040       040       037
       041       041       037
       042       042       037
       043       043       037
       044       044       037
       045       045       037
       046       046       037
       047       047       037
       048       048       037
       049       049       037
       050       050       037
       051       051       037
       052       052       037
       053       053       037
       054       054       037
       055       055       037
       056       056       037
       038       038       038
       039       039       038
       040       040       038
       041       041       038
       042       042       038
       043       043       038
       044       044       038
       045       045       038
       046       046       038
       047       047       038
       048       048       038
       049       049       038
       050       050       038
       051       051       038
       052       052       038
       053       053       038
       054       054       038
       055       055       038
       056       056       038
       039       039       039
       040       040       039
       041       041       039
       042       042       039
       043       043       039
       044       044       039
       045       045       039
       046       046       039
       047       047       039
       048       048       039
       049       049       039
       050       050       039
       051       051       039
       052       052       039
       053       053       039
       054       054       039
       055       055       039
       040       040       040
       041       041       040
       042       042       040
       043       043       040
       044       044       040
       045       045       040
       046       046       040
       047       047       040
       048       048       040
       049       049       040
       050       050       040
       051       051       040
       052       052       040
       053       053       040
       054       054       040
       055       055       040
       041       041       041
       042       042       041
       043       043       041
       044       044       041
       045       045       041
       046       046       041
       047       047       041
       048       048       041
       049       049       041
       050       050       041
       051       051       041
       052       052       041
       053       053       041
       054       054       041
       042       042       042
       043       043       042
       044       044       042
       045       045       042
       046       046       042
       047       047       042
       048       048       042
       049       049       042
       050       050       042
       051       051       042
       052       052       042
       053       053       042
       054       054       042
       043       043       043
       044       044       043
       045       045       043
       046       046       043
       047       047       043
       048       048       043
       049       049       043
       050       050       043
       051       051       043
       052       052       043
       053       053       043
       044       044       044
       045       045       044
       046       046       044
       047       047       044
       048       048       044
       049       049       044
       050       050       044
       051       051       044
       052       052       044
       053       053       044
       045       045       045
       046       046       045
       047       047       045
       048       048       045
       049       049       045
       050       050       045
       051       051       045
       052       052       045
       046       046       046
       047       047       046
       048       048       046
       049       049       046
       050       050       046
       051       051       046
       052       052       046
       047       047       047
       048       048       047
       049       049       047
       050       050       047
       051       051       047
       048       048       048
       049       049       048
       050       050       048
       051       051       048
       049       049       049
       050       050       049
       050       050       050
