       100       025       025    26.000
       098       026       026    27.000
       099       026       025    26.000
       100       026       024    26.000
       096       027       027    28.000
       097       027       026    27.000
       098       027       025    27.000
       099       027       024    26.000
       100       027       023    26.000
       094       028       028    29.000
       095       028       027    28.000
       096       028       026    28.000
       097       028       025    27.000
       098       028       024    27.000
       099       028       023    26.000
       100       028       022    26.000
       092       029       029    30.000
       093       029       028    29.000
       094       029       027    29.000
       095       029       026    28.000
       096       029       025    28.000
       097       029       024    27.000
       098       029       023    27.000
       099       029       022    26.000
       100       029       021    26.000
       090       030       030    31.000
       091       030       029    30.000
       092       030       028    30.000
       093       030       027    29.000
       094       030       026    29.000
       095       030       025    28.000
       096       030       024    28.000
       097       030       023    27.000
       098       030       022    27.000
       099       030       021    26.000
       100       030       020    26.000
       088       031       031    32.000
       089       031       030    31.000
       090       031       029    31.000
       091       031       028    30.000
       092       031       027    30.000
       093       031       026    29.000
       094       031       025    29.000
       095       031       024    28.000
       096       031       023    28.000
       097       031       022    27.000
       098       031       021    27.000
       099       031       020    26.000
       100       031       019    26.000
       086       032       032    33.000
       087       032       031    32.000
       088       032       030    32.000
       089       032       029    31.000
       090       032       028    31.000
       091       032       027    30.000
       092       032       026    30.000
       093       032       025    29.000
       094       032       024    29.000
       095       032       023    28.000
       096       032       022    28.000
       097       032       021    27.000
       098       032       020    27.000
       099       032       019    26.000
       100       032       018    26.000
       084       033       033    34.000
       085       033       032    33.000
       086       033       031    33.000
       087       033       030    32.000
       088       033       029    32.000
       089       033       028    31.000
       090       033       027    31.000
       091       033       026    30.000
       092       033       025    30.000
       093       033       024    29.000
       094       033       023    29.000
       095       033       022    28.000
       096       033       021    28.000
       097       033       020    27.000
       098       033       019    27.000
       099       033       018    26.000
       100       033       017    26.000
       082       034       034    35.000
       083       034       033    34.000
       084       034       032    34.000
       085       034       031    33.000
       086       034       030    33.000
       087       034       029    32.000
       088       034       028    32.000
       089       034       027    31.000
       090       034       026    31.000
       091       034       025    30.000
       092       034       024    30.000
       093       034       023    29.000
       094       034       022    29.000
       095       034       021    28.000
       096       034       020    28.000
       097       034       019    27.000
       098       034       018    27.000
       099       034       017    26.000
       100       034       016    26.000
       080       035       035    36.000
       081       035       034    35.000
       082       035       033    35.000
       083       035       032    34.000
       084       035       031    34.000
       085       035       030    33.000
       086       035       029    33.000
       087       035       028    32.000
       088       035       027    32.000
       089       035       026    31.000
       090       035       025    31.000
       091       035       024    30.000
       092       035       023    30.000
       093       035       022    29.000
       094       035       021    29.000
       095       035       020    28.000
       096       035       019    28.000
       097       035       018    27.000
       098       035       017    27.000
       099       035       016    26.000
       100       035       015    26.000
       078       036       036    37.000
       079       036       035    36.000
       080       036       034    36.000
       081       036       033    35.000
       082       036       032    35.000
       083       036       031    34.000
       084       036       030    34.000
       085       036       029    33.000
       086       036       028    33.000
       087       036       027    32.000
       088       036       026    32.000
       089       036       025    31.000
       090       036       024    31.000
       091       036       023    30.000
       092       036       022    30.000
       093       036       021    29.000
       094       036       020    29.000
       095       036       019    28.000
       096       036       018    28.000
       097       036       017    27.000
       098       036       016    27.000
       099       036       015    26.000
       100       036       014    26.000
       076       037       037    38.000
       077       037       036    37.000
       078       037       035    37.000
       079       037       034    36.000
       080       037       033    36.000
       081       037       032    35.000
       082       037       031    35.000
       083       037       030    34.000
       084       037       029    34.000
       085       037       028    33.000
       086       037       027    33.000
       087       037       026    32.000
       088       037       025    32.000
       089       037       024    31.000
       090       037       023    31.000
       091       037       022    30.000
       092       037       021    30.000
       093       037       020    29.000
       094       037       019    29.000
       095       037       018    28.000
       096       037       017    28.000
       097       037       016    27.000
       098       037       015    27.000
       099       037       014    26.000
       100       037       013    26.000
       074       038       038    39.000
       075       038       037    38.000
       076       038       036    38.000
       077       038       035    37.000
       078       038       034    37.000
       079       038       033    36.000
       080       038       032    36.000
       081       038       031    35.000
       082       038       030    35.000
       083       038       029    34.000
       084       038       028    34.000
       085       038       027    33.000
       086       038       026    33.000
       087       038       025    32.000
       088       038       024    32.000
       089       038       023    31.000
       090       038       022    31.000
       091       038       021    30.000
       092       038       020    30.000
       093       038       019    29.000
       094       038       018    29.000
       095       038       017    28.000
       096       038       016    28.000
       097       038       015    27.000
       098       038       014    27.000
       099       038       013    26.000
       100       038       012    26.000
       072       039       039    40.000
       073       039       038    39.000
       074       039       037    39.000
       075       039       036    38.000
       076       039       035    38.000
       077       039       034    37.000
       078       039       033    37.000
       079       039       032    36.000
       080       039       031    36.000
       081       039       030    35.000
       082       039       029    35.000
       083       039       028    34.000
       084       039       027    34.000
       085       039       026    33.000
       086       039       025    33.000
       087       039       024    32.000
       088       039       023    32.000
       089       039       022    31.000
       090       039       021    31.000
       091       039       020    30.000
       092       039       019    30.000
       093       039       018    29.000
       094       039       017    29.000
       095       039       016    28.000
       096       039       015    28.000
       097       039       014    27.000
       098       039       013    27.000
       099       039       012    26.000
       100       039       011    26.000
       070       040       040    41.000
       071       040       039    40.000
       072       040       038    40.000
       073       040       037    39.000
       074       040       036    39.000
       075       040       035    38.000
       076       040       034    38.000
       077       040       033    37.000
       078       040       032    37.000
       079       040       031    36.000
       080       040       030    36.000
       081       040       029    35.000
       082       040       028    35.000
       083       040       027    34.000
       084       040       026    34.000
       085       040       025    33.000
       086       040       024    33.000
       087       040       023    32.000
       088       040       022    32.000
       089       040       021    31.000
       090       040       020    31.000
       091       040       019    30.000
       092       040       018    30.000
       093       040       017    29.000
       094       040       016    29.000
       095       040       015    28.000
       096       040       014    28.000
       097       040       013    27.000
       098       040       012    27.000
       099       040       011    26.000
       100       040       010    26.000
       068       041       041    42.000
       069       041       040    41.000
       070       041       039    41.000
       071       041       038    40.000
       072       041       037    40.000
       073       041       036    39.000
       074       041       035    39.000
       075       041       034    38.000
       076       041       033    38.000
       077       041       032    37.000
       078       041       031    37.000
       079       041       030    36.000
       080       041       029    36.000
       081       041       028    35.000
       082       041       027    35.000
       083       041       026    34.000
       084       041       025    34.000
       085       041       024    33.000
       086       041       023    33.000
       087       041       022    32.000
       088       041       021    32.000
       089       041       020    31.000
       090       041       019    31.000
       091       041       018    30.000
       092       041       017    30.000
       093       041       016    29.000
       094       041       015    29.000
       095       041       014    28.000
       096       041       013    28.000
       097       041       012    27.000
       098       041       011    27.000
       099       041       010    26.000
       100       041       009    26.000
       066       042       042    43.000
       067       042       041    42.000
       068       042       040    42.000
       069       042       039    41.000
       070       042       038    41.000
       071       042       037    40.000
       072       042       036    40.000
       073       042       035    39.000
       074       042       034    39.000
       075       042       033    38.000
       076       042       032    38.000
       077       042       031    37.000
       078       042       030    37.000
       079       042       029    36.000
       080       042       028    36.000
       081       042       027    35.000
       082       042       026    35.000
       083       042       025    34.000
       084       042       024    34.000
       085       042       023    33.000
       086       042       022    33.000
       087       042       021    32.000
       088       042       020    32.000
       089       042       019    31.000
       090       042       018    31.000
       091       042       017    30.000
       092       042       016    30.000
       093       042       015    29.000
       094       042       014    29.000
       095       042       013    28.000
       096       042       012    28.000
       097       042       011    27.000
       098       042       010    27.000
       099       042       009    26.000
       100       042       008    26.000
       064       043       043    44.000
       065       043       042    43.000
       066       043       041    43.000
       067       043       040    42.000
       068       043       039    42.000
       069       043       038    41.000
       070       043       037    41.000
       071       043       036    40.000
       072       043       035    40.000
       073       043       034    39.000
       074       043       033    39.000
       075       043       032    38.000
       076       043       031    38.000
       077       043       030    37.000
       078       043       029    37.000
       079       043       028    36.000
       080       043       027    36.000
       081       043       026    35.000
       082       043       025    35.000
       083       043       024    34.000
       084       043       023    34.000
       085       043       022    33.000
       086       043       021    33.000
       087       043       020    32.000
       088       043       019    32.000
       089       043       018    31.000
       090       043       017    31.000
       091       043       016    30.000
       092       043       015    30.000
       093       043       014    29.000
       094       043       013    29.000
       095       043       012    28.000
       096       043       011    28.000
       097       043       010    27.000
       098       043       009    27.000
       099       043       008    26.000
       100       043       007    26.000
       062       044       044    45.000
       063       044       043    44.000
       064       044       042    44.000
       065       044       041    43.000
       066       044       040    43.000
       067       044       039    42.000
       068       044       038    42.000
       069       044       037    41.000
       070       044       036    41.000
       071       044       035    40.000
       072       044       034    40.000
       073       044       033    39.000
       074       044       032    39.000
       075       044       031    38.000
       076       044       030    38.000
       077       044       029    37.000
       078       044       028    37.000
       079       044       027    36.000
       080       044       026    36.000
       081       044       025    35.000
       082       044       024    35.000
       083       044       023    34.000
       084       044       022    34.000
       085       044       021    33.000
       086       044       020    33.000
       087       044       019    32.000
       088       044       018    32.000
       089       044       017    31.000
       090       044       016    31.000
       091       044       015    30.000
       092       044       014    30.000
       093       044       013    29.000
       094       044       012    29.000
       095       044       011    28.000
       096       044       010    28.000
       097       044       009    27.000
       098       044       008    27.000
       099       044       007    26.000
       100       044       006    26.000
       060       045       045    46.000
       061       045       044    45.000
       062       045       043    45.000
       063       045       042    44.000
       064       045       041    44.000
       065       045       040    43.000
       066       045       039    43.000
       067       045       038    42.000
       068       045       037    42.000
       069       045       036    41.000
       070       045       035    41.000
       071       045       034    40.000
       072       045       033    40.000
       073       045       032    39.000
       074       045       031    39.000
       075       045       030    38.000
       076       045       029    38.000
       077       045       028    37.000
       078       045       027    37.000
       079       045       026    36.000
       080       045       025    36.000
       081       045       024    35.000
       082       045       023    35.000
       083       045       022    34.000
       084       045       021    34.000
       085       045       020    33.000
       086       045       019    33.000
       087       045       018    32.000
       088       045       017    32.000
       089       045       016    31.000
       090       045       015    31.000
       091       045       014    30.000
       092       045       013    30.000
       093       045       012    29.000
       094       045       011    29.000
       095       045       010    28.000
       096       045       009    28.000
       097       045       008    27.000
       098       045       007    27.000
       099       045       006    26.000
       100       045       005    26.000
       058       046       046    47.000
       059       046       045    46.000
       060       046       044    46.000
       061       046       043    45.000
       062       046       042    45.000
       063       046       041    44.000
       064       046       040    44.000
       065       046       039    43.000
       066       046       038    43.000
       067       046       037    42.000
       068       046       036    42.000
       069       046       035    41.000
       070       046       034    41.000
       071       046       033    40.000
       072       046       032    40.000
       073       046       031    39.000
       074       046       030    39.000
       075       046       029    38.000
       076       046       028    38.000
       077       046       027    37.000
       078       046       026    37.000
       079       046       025    36.000
       080       046       024    36.000
       081       046       023    35.000
       082       046       022    35.000
       083       046       021    34.000
       084       046       020    34.000
       085       046       019    33.000
       086       046       018    33.000
       087       046       017    32.000
       088       046       016    32.000
       089       046       015    31.000
       090       046       014    31.000
       091       046       013    30.000
       092       046       012    30.000
       093       046       011    29.000
       094       046       010    29.000
       095       046       009    28.000
       096       046       008    28.000
       097       046       007    27.000
       098       046       006    27.000
       099       046       005    26.000
       100       046       004    26.000
       056       047       047    48.000
       057       047       046    47.000
       058       047       045    47.000
       059       047       044    46.000
       060       047       043    46.000
       061       047       042    45.000
       062       047       041    45.000
       063       047       040    44.000
       064       047       039    44.000
       065       047       038    43.000
       066       047       037    43.000
       067       047       036    42.000
       068       047       035    42.000
       069       047       034    41.000
       070       047       033    41.000
       071       047       032    40.000
       072       047       031    40.000
       073       047       030    39.000
       074       047       029    39.000
       075       047       028    38.000
       076       047       027    38.000
       077       047       026    37.000
       078       047       025    37.000
       079       047       024    36.000
       080       047       023    36.000
       081       047       022    35.000
       082       047       021    35.000
       083       047       020    34.000
       084       047       019    34.000
       085       047       018    33.000
       086       047       017    33.000
       087       047       016    32.000
       088       047       015    32.000
       089       047       014    31.000
       090       047       013    31.000
       091       047       012    30.000
       092       047       011    30.000
       093       047       010    29.000
       094       047       009    29.000
       095       047       008    28.000
       096       047       007    28.000
       097       047       006    27.000
       098       047       005    27.000
       099       047       004    26.000
       100       047       003    26.000
       054       048       048    49.000
       055       048       047    48.000
       056       048       046    48.000
       057       048       045    47.000
       058       048       044    47.000
       059       048       043    46.000
       060       048       042    46.000
       061       048       041    45.000
       062       048       040    45.000
       063       048       039    44.000
       064       048       038    44.000
       065       048       037    43.000
       066       048       036    43.000
       067       048       035    42.000
       068       048       034    42.000
       069       048       033    41.000
       070       048       032    41.000
       071       048       031    40.000
       072       048       030    40.000
       073       048       029    39.000
       074       048       028    39.000
       075       048       027    38.000
       076       048       026    38.000
       077       048       025    37.000
       078       048       024    37.000
       079       048       023    36.000
       080       048       022    36.000
       081       048       021    35.000
       082       048       020    35.000
       083       048       019    34.000
       084       048       018    34.000
       085       048       017    33.000
       086       048       016    33.000
       087       048       015    32.000
       088       048       014    32.000
       089       048       013    31.000
       090       048       012    31.000
       091       048       011    30.000
       092       048       010    30.000
       093       048       009    29.000
       094       048       008    29.000
       095       048       007    28.000
       096       048       006    28.000
       097       048       005    27.000
       098       048       004    27.000
       099       048       003    26.000
       100       048       002    26.000
       052       049       049    50.000
       053       049       048    49.000
       054       049       047    49.000
       055       049       046    48.000
       056       049       045    48.000
       057       049       044    47.000
       058       049       043    47.000
       059       049       042    46.000
       060       049       041    46.000
       061       049       040    45.000
       062       049       039    45.000
       063       049       038    44.000
       064       049       037    44.000
       065       049       036    43.000
       066       049       035    43.000
       067       049       034    42.000
       068       049       033    42.000
       069       049       032    41.000
       070       049       031    41.000
       071       049       030    40.000
       072       049       029    40.000
       073       049       028    39.000
       074       049       027    39.000
       075       049       026    38.000
       076       049       025    38.000
       077       049       024    37.000
       078       049       023    37.000
       079       049       022    36.000
       080       049       021    36.000
       081       049       020    35.000
       082       049       019    35.000
       083       049       018    34.000
       084       049       017    34.000
       085       049       016    33.000
       086       049       015    33.000
       087       049       014    32.000
       088       049       013    32.000
       089       049       012    31.000
       090       049       011    31.000
       091       049       010    30.000
       092       049       009    30.000
       093       049       008    29.000
       094       049       007    29.000
       095       049       006    28.000
       096       049       005    28.000
       097       049       004    27.000
       098       049       003    27.000
       099       049       002    26.000
       100       049       001    26.000
       050       050       050    51.000
       051       050       049    50.000
       052       050       048    50.000
       053       050       047    49.000
       054       050       046    49.000
       055       050       045    48.000
       056       050       044    48.000
       057       050       043    47.000
       058       050       042    47.000
       059       050       041    46.000
       060       050       040    46.000
       061       050       039    45.000
       062       050       038    45.000
       063       050       037    44.000
       064       050       036    44.000
       065       050       035    43.000
       066       050       034    43.000
       067       050       033    42.000
       068       050       032    42.000
       069       050       031    41.000
       070       050       030    41.000
       071       050       029    40.000
       072       050       028    40.000
       073       050       027    39.000
       074       050       026    39.000
       075       050       025    38.000
       076       050       024    38.000
       077       050       023    37.000
       078       050       022    37.000
       079       050       021    36.000
       080       050       020    36.000
       081       050       019    35.000
       082       050       018    35.000
       083       050       017    34.000
       084       050       016    34.000
       085       050       015    33.000
       086       050       014    33.000
       087       050       013    32.000
       088       050       012    32.000
       089       050       011    31.000
       090       050       010    31.000
       091       050       009    30.000
       092       050       008    30.000
       093       050       007    29.000
       094       050       006    29.000
       095       050       005    28.000
       096       050       004    28.000
       097       050       003    27.000
       098       050       002    27.000
       099       050       001    26.000
       100       050       000    26.000
       051       051       048    50.000
       052       051       047    50.000
       053       051       046    49.000
       054       051       045    49.000
       055       051       044    48.000
       056       051       043    48.000
       057       051       042    47.000
       058       051       041    47.000
       059       051       040    46.000
       060       051       039    46.000
       061       051       038    45.000
       062       051       037    45.000
       063       051       036    44.000
       064       051       035    44.000
       065       051       034    43.000
       066       051       033    43.000
       067       051       032    42.000
       068       051       031    42.000
       069       051       030    41.000
       070       051       029    41.000
       071       051       028    40.000
       072       051       027    40.000
       073       051       026    39.000
       074       051       025    39.000
       075       051       024    38.000
       076       051       023    38.000
       077       051       022    37.000
       078       051       021    37.000
       079       051       020    36.000
       080       051       019    36.000
       081       051       018    35.000
       082       051       017    35.000
       083       051       016    34.000
       084       051       015    34.000
       085       051       014    33.000
       086       051       013    33.000
       087       051       012    32.000
       088       051       011    32.000
       089       051       010    31.000
       090       051       009    31.000
       091       051       008    30.000
       092       051       007    30.000
       093       051       006    29.000
       094       051       005    29.000
       095       051       004    28.000
       096       051       003    28.000
       097       051       002    27.000
       098       051       001    27.000
       099       051       000    26.000
       052       052       046    50.000
       053       052       045    49.000
       054       052       044    49.000
       055       052       043    48.000
       056       052       042    48.000
       057       052       041    47.000
       058       052       040    47.000
       059       052       039    46.000
       060       052       038    46.000
       061       052       037    45.000
       062       052       036    45.000
       063       052       035    44.000
       064       052       034    44.000
       065       052       033    43.000
       066       052       032    43.000
       067       052       031    42.000
       068       052       030    42.000
       069       052       029    41.000
       070       052       028    41.000
       071       052       027    40.000
       072       052       026    40.000
       073       052       025    39.000
       074       052       024    39.000
       075       052       023    38.000
       076       052       022    38.000
       077       052       021    37.000
       078       052       020    37.000
       079       052       019    36.000
       080       052       018    36.000
       081       052       017    35.000
       082       052       016    35.000
       083       052       015    34.000
       084       052       014    34.000
       085       052       013    33.000
       086       052       012    33.000
       087       052       011    32.000
       088       052       010    32.000
       089       052       009    31.000
       090       052       008    31.000
       091       052       007    30.000
       092       052       006    30.000
       093       052       005    29.000
       094       052       004    29.000
       095       052       003    28.000
       096       052       002    28.000
       097       052       001    27.000
       098       052       000    27.000
       053       053       044    49.000
       054       053       043    49.000
       055       053       042    48.000
       056       053       041    48.000
       057       053       040    47.000
       058       053       039    47.000
       059       053       038    46.000
       060       053       037    46.000
       061       053       036    45.000
       062       053       035    45.000
       063       053       034    44.000
       064       053       033    44.000
       065       053       032    43.000
       066       053       031    43.000
       067       053       030    42.000
       068       053       029    42.000
       069       053       028    41.000
       070       053       027    41.000
       071       053       026    40.000
       072       053       025    40.000
       073       053       024    39.000
       074       053       023    39.000
       075       053       022    38.000
       076       053       021    38.000
       077       053       020    37.000
       078       053       019    37.000
       079       053       018    36.000
       080       053       017    36.000
       081       053       016    35.000
       082       053       015    35.000
       083       053       014    34.000
       084       053       013    34.000
       085       053       012    33.000
       086       053       011    33.000
       087       053       010    32.000
       088       053       009    32.000
       089       053       008    31.000
       090       053       007    31.000
       091       053       006    30.000
       092       053       005    30.000
       093       053       004    29.000
       094       053       003    29.000
       095       053       002    28.000
       096       053       001    28.000
       097       053       000    27.000
       054       054       042    49.000
       055       054       041    48.000
       056       054       040    48.000
       057       054       039    47.000
       058       054       038    47.000
       059       054       037    46.000
       060       054       036    46.000
       061       054       035    45.000
       062       054       034    45.000
       063       054       033    44.000
       064       054       032    44.000
       065       054       031    43.000
       066       054       030    43.000
       067       054       029    42.000
       068       054       028    42.000
       069       054       027    41.000
       070       054       026    41.000
       071       054       025    40.000
       072       054       024    40.000
       073       054       023    39.000
       074       054       022    39.000
       075       054       021    38.000
       076       054       020    38.000
       077       054       019    37.000
       078       054       018    37.000
       079       054       017    36.000
       080       054       016    36.000
       081       054       015    35.000
       082       054       014    35.000
       083       054       013    34.000
       084       054       012    34.000
       085       054       011    33.000
       086       054       010    33.000
       087       054       009    32.000
       088       054       008    32.000
       089       054       007    31.000
       090       054       006    31.000
       091       054       005    30.000
       092       054       004    30.000
       093       054       003    29.000
       094       054       002    29.000
       095       054       001    28.000
       096       054       000    28.000
       055       055       040    48.000
       056       055       039    48.000
       057       055       038    47.000
       058       055       037    47.000
       059       055       036    46.000
       060       055       035    46.000
       061       055       034    45.000
       062       055       033    45.000
       063       055       032    44.000
       064       055       031    44.000
       065       055       030    43.000
       066       055       029    43.000
       067       055       028    42.000
       068       055       027    42.000
       069       055       026    41.000
       070       055       025    41.000
       071       055       024    40.000
       072       055       023    40.000
       073       055       022    39.000
       074       055       021    39.000
       075       055       020    38.000
       076       055       019    38.000
       077       055       018    37.000
       078       055       017    37.000
       079       055       016    36.000
       080       055       015    36.000
       081       055       014    35.000
       082       055       013    35.000
       083       055       012    34.000
       084       055       011    34.000
       085       055       010    33.000
       086       055       009    33.000
       087       055       008    32.000
       088       055       007    32.000
       089       055       006    31.000
       090       055       005    31.000
       091       055       004    30.000
       092       055       003    30.000
       093       055       002    29.000
       094       055       001    29.000
       095       055       000    28.000
       056       056       038    48.000
       057       056       037    47.000
       058       056       036    47.000
       059       056       035    46.000
       060       056       034    46.000
       061       056       033    45.000
       062       056       032    45.000
       063       056       031    44.000
       064       056       030    44.000
       065       056       029    43.000
       066       056       028    43.000
       067       056       027    42.000
       068       056       026    42.000
       069       056       025    41.000
       070       056       024    41.000
       071       056       023    40.000
       072       056       022    40.000
       073       056       021    39.000
       074       056       020    39.000
       075       056       019    38.000
       076       056       018    38.000
       077       056       017    37.000
       078       056       016    37.000
       079       056       015    36.000
       080       056       014    36.000
       081       056       013    35.000
       082       056       012    35.000
       083       056       011    34.000
       084       056       010    34.000
       085       056       009    33.000
       086       056       008    33.000
       087       056       007    32.000
       088       056       006    32.000
       089       056       005    31.000
       090       056       004    31.000
       091       056       003    30.000
       092       056       002    30.000
       093       056       001    29.000
       094       056       000    29.000
       057       057       036    47.000
       058       057       035    47.000
       059       057       034    46.000
       060       057       033    46.000
       061       057       032    45.000
       062       057       031    45.000
       063       057       030    44.000
       064       057       029    44.000
       065       057       028    43.000
       066       057       027    43.000
       067       057       026    42.000
       068       057       025    42.000
       069       057       024    41.000
       070       057       023    41.000
       071       057       022    40.000
       072       057       021    40.000
       073       057       020    39.000
       074       057       019    39.000
       075       057       018    38.000
       076       057       017    38.000
       077       057       016    37.000
       078       057       015    37.000
       079       057       014    36.000
       080       057       013    36.000
       081       057       012    35.000
       082       057       011    35.000
       083       057       010    34.000
       084       057       009    34.000
       085       057       008    33.000
       086       057       007    33.000
       087       057       006    32.000
       088       057       005    32.000
       089       057       004    31.000
       090       057       003    31.000
       091       057       002    30.000
       092       057       001    30.000
       093       057       000    29.000
       058       058       034    47.000
       059       058       033    46.000
       060       058       032    46.000
       061       058       031    45.000
       062       058       030    45.000
       063       058       029    44.000
       064       058       028    44.000
       065       058       027    43.000
       066       058       026    43.000
       067       058       025    42.000
       068       058       024    42.000
       069       058       023    41.000
       070       058       022    41.000
       071       058       021    40.000
       072       058       020    40.000
       073       058       019    39.000
       074       058       018    39.000
       075       058       017    38.000
       076       058       016    38.000
       077       058       015    37.000
       078       058       014    37.000
       079       058       013    36.000
       080       058       012    36.000
       081       058       011    35.000
       082       058       010    35.000
       083       058       009    34.000
       084       058       008    34.000
       085       058       007    33.000
       086       058       006    33.000
       087       058       005    32.000
       088       058       004    32.000
       089       058       003    31.000
       090       058       002    31.000
       091       058       001    30.000
       092       058       000    30.000
       059       059       032    46.000
       060       059       031    46.000
       061       059       030    45.000
       062       059       029    45.000
       063       059       028    44.000
       064       059       027    44.000
       065       059       026    43.000
       066       059       025    43.000
       067       059       024    42.000
       068       059       023    42.000
       069       059       022    41.000
       070       059       021    41.000
       071       059       020    40.000
       072       059       019    40.000
       073       059       018    39.000
       074       059       017    39.000
       075       059       016    38.000
       076       059       015    38.000
       077       059       014    37.000
       078       059       013    37.000
       079       059       012    36.000
       080       059       011    36.000
       081       059       010    35.000
       082       059       009    35.000
       083       059       008    34.000
       084       059       007    34.000
       085       059       006    33.000
       086       059       005    33.000
       087       059       004    32.000
       088       059       003    32.000
       089       059       002    31.000
       090       059       001    31.000
       091       059       000    30.000
       060       060       030    46.000
       061       060       029    45.000
       062       060       028    45.000
       063       060       027    44.000
       064       060       026    44.000
       065       060       025    43.000
       066       060       024    43.000
       067       060       023    42.000
       068       060       022    42.000
       069       060       021    41.000
       070       060       020    41.000
       071       060       019    40.000
       072       060       018    40.000
       073       060       017    39.000
       074       060       016    39.000
       075       060       015    38.000
       076       060       014    38.000
       077       060       013    37.000
       078       060       012    37.000
       079       060       011    36.000
       080       060       010    36.000
       081       060       009    35.000
       082       060       008    35.000
       083       060       007    34.000
       084       060       006    34.000
       085       060       005    33.000
       086       060       004    33.000
       087       060       003    32.000
       088       060       002    32.000
       089       060       001    31.000
       090       060       000    31.000
       061       061       028    45.000
       062       061       027    45.000
       063       061       026    44.000
       064       061       025    44.000
       065       061       024    43.000
       066       061       023    43.000
       067       061       022    42.000
       068       061       021    42.000
       069       061       020    41.000
       070       061       019    41.000
       071       061       018    40.000
       072       061       017    40.000
       073       061       016    39.000
       074       061       015    39.000
       075       061       014    38.000
       076       061       013    38.000
       077       061       012    37.000
       078       061       011    37.000
       079       061       010    36.000
       080       061       009    36.000
       081       061       008    35.000
       082       061       007    35.000
       083       061       006    34.000
       084       061       005    34.000
       085       061       004    33.000
       086       061       003    33.000
       087       061       002    32.000
       088       061       001    32.000
       089       061       000    31.000
       062       062       026    45.000
       063       062       025    44.000
       064       062       024    44.000
       065       062       023    43.000
       066       062       022    43.000
       067       062       021    42.000
       068       062       020    42.000
       069       062       019    41.000
       070       062       018    41.000
       071       062       017    40.000
       072       062       016    40.000
       073       062       015    39.000
       074       062       014    39.000
       075       062       013    38.000
       076       062       012    38.000
       077       062       011    37.000
       078       062       010    37.000
       079       062       009    36.000
       080       062       008    36.000
       081       062       007    35.000
       082       062       006    35.000
       083       062       005    34.000
       084       062       004    34.000
       085       062       003    33.000
       086       062       002    33.000
       087       062       001    32.000
       088       062       000    32.000
       063       063       024    44.000
       064       063       023    44.000
       065       063       022    43.000
       066       063       021    43.000
       067       063       020    42.000
       068       063       019    42.000
       069       063       018    41.000
       070       063       017    41.000
       071       063       016    40.000
       072       063       015    40.000
       073       063       014    39.000
       074       063       013    39.000
       075       063       012    38.000
       076       063       011    38.000
       077       063       010    37.000
       078       063       009    37.000
       079       063       008    36.000
       080       063       007    36.000
       081       063       006    35.000
       082       063       005    35.000
       083       063       004    34.000
       084       063       003    34.000
       085       063       002    33.000
       086       063       001    33.000
       087       063       000    32.000
       064       064       022    44.000
       065       064       021    43.000
       066       064       020    43.000
       067       064       019    42.000
       068       064       018    42.000
       069       064       017    41.000
       070       064       016    41.000
       071       064       015    40.000
       072       064       014    40.000
       073       064       013    39.000
       074       064       012    39.000
       075       064       011    38.000
       076       064       010    38.000
       077       064       009    37.000
       078       064       008    37.000
       079       064       007    36.000
       080       064       006    36.000
       081       064       005    35.000
       082       064       004    35.000
       083       064       003    34.000
       084       064       002    34.000
       085       064       001    33.000
       086       064       000    33.000
       065       065       020    43.000
       066       065       019    43.000
       067       065       018    42.000
       068       065       017    42.000
       069       065       016    41.000
       070       065       015    41.000
       071       065       014    40.000
       072       065       013    40.000
       073       065       012    39.000
       074       065       011    39.000
       075       065       010    38.000
       076       065       009    38.000
       077       065       008    37.000
       078       065       007    37.000
       079       065       006    36.000
       080       065       005    36.000
       081       065       004    35.000
       082       065       003    35.000
       083       065       002    34.000
       084       065       001    34.000
       085       065       000    33.000
       066       066       018    43.000
       067       066       017    42.000
       068       066       016    42.000
       069       066       015    41.000
       070       066       014    41.000
       071       066       013    40.000
       072       066       012    40.000
       073       066       011    39.000
       074       066       010    39.000
       075       066       009    38.000
       076       066       008    38.000
       077       066       007    37.000
       078       066       006    37.000
       079       066       005    36.000
       080       066       004    36.000
       081       066       003    35.000
       082       066       002    35.000
       083       066       001    34.000
       084       066       000    34.000
       067       067       016    42.000
       068       067       015    42.000
       069       067       014    41.000
       070       067       013    41.000
       071       067       012    40.000
       072       067       011    40.000
       073       067       010    39.000
       074       067       009    39.000
       075       067       008    38.000
       076       067       007    38.000
       077       067       006    37.000
       078       067       005    37.000
       079       067       004    36.000
       080       067       003    36.000
       081       067       002    35.000
       082       067       001    35.000
       083       067       000    34.000
       068       068       014    42.000
       069       068       013    41.000
       070       068       012    41.000
       071       068       011    40.000
       072       068       010    40.000
       073       068       009    39.000
       074       068       008    39.000
       075       068       007    38.000
       076       068       006    38.000
       077       068       005    37.000
       078       068       004    37.000
       079       068       003    36.000
       080       068       002    36.000
       081       068       001    35.000
       082       068       000    35.000
       069       069       012    41.000
       070       069       011    41.000
       071       069       010    40.000
       072       069       009    40.000
       073       069       008    39.000
       074       069       007    39.000
       075       069       006    38.000
       076       069       005    38.000
       077       069       004    37.000
       078       069       003    37.000
       079       069       002    36.000
       080       069       001    36.000
       081       069       000    35.000
       070       070       010    41.000
       071       070       009    40.000
       072       070       008    40.000
       073       070       007    39.000
       074       070       006    39.000
       075       070       005    38.000
       076       070       004    38.000
       077       070       003    37.000
       078       070       002    37.000
       079       070       001    36.000
       080       070       000    36.000
       071       071       008    40.000
       072       071       007    40.000
       073       071       006    39.000
       074       071       005    39.000
       075       071       004    38.000
       076       071       003    38.000
       077       071       002    37.000
       078       071       001    37.000
       079       071       000    36.000
       072       072       006    40.000
       073       072       005    39.000
       074       072       004    39.000
       075       072       003    38.000
       076       072       002    38.000
       077       072       001    37.000
       078       072       000    37.000
       073       073       004    39.000
       074       073       003    39.000
       075       073       002    38.000
       076       073       001    38.000
       077       073       000    37.000
       074       074       002    39.000
       075       074       001    38.000
       076       074       000    38.000
       075       075       000    38.000
