           0   2.3418939956372760     
           1   2.3378682582867696     
           2   2.3342992359117014     
           3   2.3311856140008107     
           4   2.3285261611735182     
           5   2.3263197272675042     
           6   2.3245652411522237     
           7   2.3232617082605254     
           8   2.3224082078299828     
           9   2.3220038898459290     
          10   2.3220479716779647     
          11   2.3225397344022913     
          12   2.3234785188010236     
          13   2.3248637210304715     
          14   2.3266947879490414     
          15   2.3289712120957944     
          16   2.3316925263090047     
          17   2.3348582979745380     
          18   2.3384681228915642     
          19   2.3425216187430555     
          20   2.3470184181563085     
          21   2.3519581613379166     
          22   2.3573404882649651     
          23   2.3631650304130800     
          24   2.3694314019985727     
          25   2.3761391907102158     
          26   2.3832879479025264     
          27   2.3908771782193559     
          28   2.3989063286128682     
          29   2.4073747767185689     
          30   2.4162818185427053     
          31   2.4256266554130792     
          32   2.4354083801382513     
          33   2.4456259623146264     
          34   2.4562782327126653     
          35   2.4673638666668780     
          36   2.4788813663847216     
          37   2.4908290420804140     
          38   2.5032049918288588     
          39   2.5160070800233600     
          40   2.5292329143072387     
          41   2.5428798208356151     
          42   2.5569448177069618     
          43   2.5714245863864602     
          44   2.5863154409228635     
          45   2.6016132947390282     
          46   2.6173136247507509     
          47   2.6334114325415237     
          48   2.6499012022898434     
          49   2.6667768551112161     
          50   2.6840316994388012     
          51   2.7016583770235436     
          52   2.7196488040863640     
          53   2.7379941071015783     
          54   2.7566845526300727     
          55   2.7757094705532954     
          56   2.7950571699834659     
          57   2.8147148470411807     
          58   2.8346684835958973     
          59   2.8549027359605357     
          60   2.8754008124125510     
          61   2.8961443382842611     
          62   2.9171132072214214     
          63   2.9382854170519619     
          64   2.9596368885382027     
          65   2.9811412651068814     
          66   3.0027696914688202     
          67   3.0244905688618955     
          68   3.0462692844943029     
          69   3.0680679126553576     
          70   3.0898448849394158     
          71   3.1115546271618855     
          72   3.1331471609346924     
          73   3.1545676686707518     
          74   3.1757560222389900     
          75   3.1966462779543621     
          76   3.2171661445901667     
          77   3.2372364374212754     
          78   3.2567705410469050     
          79   3.2756739184201584     
          80   3.2938437251011070     
          81   3.3111686185961888     
          82   3.3275288950476885     
          83   3.3427971406305130     
          84   3.3568396503735674     
          85   3.3695189321344938     
          86   3.3806976516258733     
          87   3.3902443325586749     
          88   3.3980409145086443     
          89   3.4039917714726657     
          90   3.4080329406574497     
          91   3.4101394535497964     
          92   3.4103299532234490     
          93   3.4086792389928693     
          94   3.4053834629083823     
          95   3.4009162682478511     
          96   3.3960708501175949     
          97   3.3916553932674871     
          98   3.3882202789413047     
          99   3.3860655209327071     
         100   3.3853333333333331     
         101   3.3876683035517838     
         102   3.3931020517364252     
         103   3.3845412960606547     
         104   3.3726691713962258     
         105   3.3575938381330399     
         106   3.3394479718117727     
         107   3.3183846601197584     
         108   3.2945730359689809     
         109   3.2681939005812293     
         110   3.2394355511263764     
         111   3.2084899754684506     
         112   3.1755495209022464     
         113   3.1408040915947439     
         114   3.1044388855022582     
         115   3.0666326480626425     
         116   3.0275563972072610     
         117   2.9873725610814446     
         118   2.9462344644784348     
         119   2.9042861003407801     
         120   2.8616621268601348     
         121   2.8184880371154248     
         122   2.7748804556085291     
         123   2.7309475236256255     
         124   2.6867893425160898     
         125   2.6424984504223508     
         126   2.5981603135746099     
         127   2.5538538179516301     
         128   2.5096517509543230     
         129   2.4656212658227963     
         130   2.4218243239544366     
         131   2.3783181121528290     
         132   2.3351554332549376     
         133   2.2923850696337271     
         134   2.2500521198321324     
         135   2.2081983091152440     
         136   2.1668622750837216     
         137   2.1260798297142798     
         138   2.0858841993175758     
         139   2.0463062439549313     
         140   2.0073746578547040     
         141   1.9691161523322647     
         142   1.9315556226560633     
         143   1.8947163002253060     
         144   1.8586198913392775     
         145   1.8232867037488953     
         146   1.7887357620903546     
         147   1.7549849132130488     
         148   1.7220509223285736     
         149   1.6899495608275135     
         150   1.6586956865348528     
         151   1.6283033171053187     
         152   1.5987856971950456     
         153   1.5701553599860683     
         154   1.5424241835866692     
         155   1.5156034427802620     
         156   1.4897038565509171     
         157   1.4647356317724525     
         158   1.4407085034115092     
         159   1.4176317715608386     
         160   1.3955143355896824     
         161   1.3743647256698683     
         162   1.3541911319127806     
         163   1.3350014313288514     
         164   1.3168032128024825     
         165   1.2996038002562933     
         166   1.2834102741629245     
         167   1.2682294915475067     
         168   1.2540681046111399     
         169   1.2409325780932341     
         170   1.2288292054803678     
         171   1.2177641241588824     
         172   1.2077433296004028     
         173   1.1987726886608512     
         174   1.1908579520665143     
         175   1.1840047661543829     
         176   1.1782186839277999     
         177   1.1735051754830403     
         178   1.1698696378580258     
         179   1.1673174043488774     
         180   1.1658537533375526     
         181   1.1654839166681563     
         182   1.1662130876081194     
         183   1.1680464284255665     
         184   1.1709890776126866     
         185   1.1750461567815751     
         186   1.1802227772566338     
         187   1.1865240463860369     
         188   1.1939550735914988     
         189   1.2025209761752593     
         190   1.2122268848997495     
         191   1.2230779493550503     
         192   1.2350793431270244     
         193   1.2482362687776258     
         194   1.2625539626476974     
         195   1.2780376994909086     
         196   1.2946927969465574     
         197   1.3125246198576630     
         198   1.3315385844394347     
         199   1.3517401623022083     
         200   1.3731348843320583     
         201   1.3690493245299975     
         202   1.3677927059490456     
         203   1.3693650039959646     
         204   1.3737594461302167     
         205   1.3809626608813415     
         206   1.3909548759094827     
         207   1.4037101995051140     
         208   1.4191969811214904     
         209   1.4373782402231614     
         210   1.4582121503296022     
         211   1.4816525640155125     
         212   1.5076495643618029     
         213   1.5361500287720264     
         214   1.5670981920597913     
         215   1.6004361971361236     
         216   1.6361046233450112     
         217   1.6740429843788653     
         218   1.7141901896239655     
         219   1.7564849646466010     
         220   1.8008662282461660     
         221   1.8472734250220013     
         222   1.8956468136930740     
         223   1.9459277124608454     
         224   1.9980587035201913     
         225   2.0519837994161549     
         226   2.1076485743387963     
         227   2.1650002636735572     
         228   2.2239878352048730     
         229   2.2845620353435652     
         230   2.3466754136303054     
         231   2.4102823285899238     
         232   2.4753389377915651     
         233   2.5418031747224599     
         234   2.6096347148297410     
         235   2.6787949328223495     
         236   2.7492468530778309     
         237   2.8209550947560236     
         238   2.8938858129995806     
         239   2.9680066373921474     
         240   3.0432866086548431     
         241   3.1196961143881667     
         242   3.1972068245014733     
         243   3.2757916268217588     
         244   3.3554245632152857     
         245   3.4360807663870587     
         246   3.5177363973067828     
         247   3.6003685828945438     
         248   3.6839553530626130     
         249   3.7684755751817374     
         250   3.8539088818534806     
         251   3.9402355827483326     
         252   4.0274365379089856     
         253   4.1154929302266625     
         254   4.2043857347047142     
         255   4.2940940488643813     
         256   4.3845871557467646     
         257   4.4757319735629650     
         258   4.5298759285892620     
         259   4.5260629566586079     
         260   4.5059482676482610     
         261   4.4707088018697521     
         262   4.4222576791880277     
         263   4.3628983694594341     
         264   4.2949155973463666     
         265   4.2203343219510385     
         266   4.1408356730605327     
         267   4.0577667748363186     
         268   3.9721901549336738     
         269   3.8849414161719933     
         270   3.7966814278544891     
         271   3.7079389019803326     
         272   3.6191434443175279     
         273   3.5306506077087154     
         274   3.4427606969629001     
         275   3.3557328578258878     
         276   3.2697956619636050     
         277   3.1851551007389833     
         278   3.1020006580815194     
         279   3.0205099479333350     
         280   2.9408522649357010     
         281   2.8631912970299531     
         282   2.7876871758659321     
         283   2.7144979879268059     
         284   2.6437808306879278     
         285   2.5756924701495376     
         286   2.5103896361560034     
         287   2.4480289783733156     
         288   2.3887666976060289     
         289   2.3327578636820072     
         290   2.2801554320429864     
         291   2.2311089761467815     
         292   2.1857631614327562     
         293   2.1442559983139571     
         294   2.1067169255064684     
         295   2.0732647896529155     
         296   2.0440058009522879     
         297   2.0190315554227043     
         298   1.9984172205282744     
         299   1.9822199805083560     
         300   8.8306356043799177     
         301   8.7168598475803183     
         302   8.6042421784076666     
         303   8.4927829954539078     
         304   8.3824827154055388     
         305   8.2733417740056652     
         306   8.1653606270739605     
         307   8.0585397515877180     
         308   7.9528796468288609     
         309   7.8483808356005289     
         310   7.7450438655183174     
         311   7.6428693103806511     
         312   7.5418577716240893     
         313   7.4420098798684275     
         314   7.3433262965582697     
         315   7.2458077157070457     
         316   7.1494548657501458     
         317   7.0542685115147883     
         318   6.9602494563139432     
         319   6.8673985441723771     
         320   6.7757166621938927     
         321   6.6852047430785566     
         322   6.5958637677995400     
         323   6.5076947684502962     
         324   6.4206988312720839     
         325   6.3348770998739452     
         326   6.2502307786565501     
         327   6.1667611364523607     
         328   6.0844695103952926     
         329   6.0033573100328548     
         330   5.9234260216950068     
         331   5.8446772131334832     
         332   5.7671125384460096     
         333   5.6907337433000738     
         334   5.6155426704699956     
         335   5.5415412657019472     
         336   5.4687315839199018     
         337   5.3971157957849707     
         338   5.3266961946198190     
         339   5.2574752037071066     
         340   5.1894553839695767     
         341   5.1226394420365651     
         342   5.0570302386982044     
         343   4.9926307977457727     
         344   4.9294443151931917     
         345   4.8674741688725520     
         346   4.8067239283975773     
         347   4.7471973654960058     
         348   4.6888984647328558     
         349   4.6318314346962595     
         350   4.5760007198278148     
         351   4.5214110133207193     
         352   4.4680672720524539     
         353   4.4159747357969321     
         354   4.3651389561992326     
         355   4.3155658500730913     
         356   4.2672618208624105     
         357   4.2202341073782126     
         358   4.1744921349200483     
         359   4.1300564183391968     
         360   4.0875439633253592     
         361   4.0795903378267182     
         362   4.0729875222974385     
         363   4.0645947419106152     
         364   4.0545780841569439     
         365   4.0431146837424361     
         366   4.0303771200778975     
         367   4.0165292235294237     
         368   3.9874260529707568     
         369   3.9512855829149442     
         370   3.9162924293688404     
         371   3.8824465923324354     
         372   3.8497480718057315     
         373   3.8181968677887546     
         374   3.7877929802814845     
         375   3.7585364092839111     
         376   3.7304271547960544     
         377   3.7034652168179143     
         378   3.6776505953494718     
         379   3.6529832903907233     
         380   3.6294633019417066     
         381   3.6070906300024026     
         382   3.5858652745727748     
         383   3.5657872356528793     
         384   3.5468565132426924     
         385   3.5290731073422128     
         386   3.5124370179514308     
         387   3.4969482450703828     
         388   3.4826067886990177     
         389   3.4694126488373653     
         390   3.4573658254854340     
         391   3.4464663186431896     
         392   3.4367141283106721     
         393   3.4281092544878748     
         394   3.4206516971747543     
         395   3.4143414563713592     
         396   3.4091785320776680     
         397   3.4051629242936867     
         398   3.4022946330194239     
         399   3.4005736582548489     
