           0   4.5726594426055414     
           1   4.5659957262920265     
           2   4.5599636307151776     
           3   4.5545479356736536     
           4   4.5497326336722725     
           5   4.5455008906211747     
           6   4.5418350047826888     
           7   4.5387163639799519     
           8   4.5361254011061183     
           9   4.5340415480013361     
          10   4.5324431878002933     
          11   4.5313076058945088     
          12   4.5306109397038963     
          13   4.5303281275103116     
          14   4.5304328566742971     
          15   4.5308975116359669     
          16   4.5316931221931602     
          17   4.5327893126540548     
          18   4.5341542525821446     
          19   4.5357546099846964     
          20   4.5375555079464434     
          21   4.5395204858755367     
          22   4.5416114667089618     
          23   4.5437887316189300     
          24   4.5460109039663941     
          25   4.5482349444606660     
          26   4.5504161596976438     
          27   4.5525082264587109     
          28   4.5544632343455671     
          29   4.5562317494937217     
          30   4.5577629022325459     
          31   4.5590045016268217     
          32   4.5599031798233778     
          33   4.5604045690146817     
          34   4.5604535135978663     
          35   4.5599943197283404     
          36   4.5589710439217725     
          37   4.5573278216304871     
          38   4.5550092357996288     
          39   4.5519607242945641     
          40   4.5481290237956742     
          41   4.5434626463095151     
          42   4.5379123828882513     
          43   4.5314318275493175     
          44   4.5239779128226116     
          45   4.5155114469204038     
          46   4.5059976413289746     
          47   4.4954066167673847     
          48   4.4837138750460808     
          49   4.4709007244640535     
          50   4.4569546470606571     
          51   4.4418695972976856     
          52   4.4256462235598661     
          53   4.4082920061518172     
          54   4.3898213081208706     
          55   4.3702553380997404     
          56   4.3496220272721864     
          57   4.3279558253464767     
          58   4.3052974229126679     
          59   4.2816934096262660     
          60   4.2571958792013280     
          61   4.2318619931562909     
          62   4.2057535156226997     
          63   4.1789363313325358     
          64   4.1514799582066333     
          65   4.1234570648666757     
          66   4.0949430019878230     
          67   4.0660153548087283     
          68   4.0367535224214892     
          69   4.0072383277701151     
          70   3.9775516606684662     
          71   3.9477761546675114     
          72   3.9179948973015390     
          73   3.8882911721542421     
          74   3.8587482303275693     
          75   3.8294490882868697     
          76   3.8004763487111224     
          77   3.7719120409286773     
          78   3.7438374778182477     
          79   3.7163331268007247     
          80   3.6894784939124885     
          81   3.6633520222423197     
          82   3.6380310097784907     
          83   3.6135915579267781     
          84   3.5901085724078770     
          85   3.5676558562242895     
          86   3.5463063660877419     
          87   3.5261327606814263     
          88   3.5072084721344217     
          89   3.4896097125532131     
          90   3.4734190997979231     
          91   3.4587317422050878     
          92   3.4456631650481446     
          93   3.4343488315585251     
          94   3.4248952423663006     
          95   3.4172465789835504     
          96   3.4111445808645762     
          97   3.4063640039740060     
          98   3.4028677691625444     
          99   3.4007234880439259     
         100   3.3999999999999999     
         101   3.4023058184579704     
         102   3.4092085574575703     
         103   3.4206645751862275     
         104   3.4366027855775312     
         105   3.4569269969333232     
         106   3.4815189319988700     
         107   3.5102417170050599     
         108   3.5429436160924346     
         109   3.5794617997329534     
         110   3.6196259658742429     
         111   3.6632616735054260     
         112   3.7101932931541324     
         113   3.7602465216484040     
         114   3.8132504453279057     
         115   3.8690391646865487     
         116   3.9274530137077410     
         117   3.9883394195797517     
         118   4.0515534543734830     
         119   4.1169581311844858     
         120   4.1844244947005427     
         121   4.2538315514578970     
         122   4.3250660792070850     
         123   4.3980223485229439     
         124   4.4726017834325322     
         125   4.5487125813285436     
         126   4.6262693048075700     
         127   4.7051924454764640     
         128   4.7854079260974434     
         129   4.8668463662957322     
         130   4.9494409772203083     
         131   5.0331054372502981     
         132   5.0598452483048435     
         133   5.0191506820512934     
         134   4.9721530936852689     
         135   4.9195533445275714     
         136   4.8620290603925858     
         137   4.8002353571668142     
         138   4.7347900320557414     
         139   4.6662640098702584     
         140   4.5951768220250946     
         141   4.5219958300864684     
         142   4.4471379543017644     
         143   4.3709729119192193     
         144   4.2938272353806282     
         145   4.2159885706565152     
         146   4.1377099354903333     
         147   4.0592137478390793     
         148   3.9806955246753168     
         149   3.9023272102397897     
         150   3.8242601295102343     
         151   3.7466275840357413     
         152   3.6695471185506139     
         153   3.5931224916041149     
         154   3.5174453843334321     
         155   3.4425968801370912     
         156   3.3686487454478282     
         157   3.2956645387317671     
         158   3.2237005716549176     
         159   3.1528067432930311     
         160   3.0830272654325062     
         161   3.0144012944731324     
         162   2.9469634832095681     
         163   2.8807444638246906     
         164   2.8157712717530856     
         165   2.7520677186397360     
         166   2.6896547213942461     
         167   2.6285505933033986     
         168   2.5687713022806906     
         169   2.5103307005860174     
         170   2.4532407297141661     
         171   2.3975116036156159     
         172   2.3431519729586667     
         173   2.2901690727575161     
         174   2.2385688553637504     
         175   2.1883561105425948     
         176   2.1395345741191729     
         177   2.0921070264798116     
         178   2.0460753820426740     
         179   2.0014407706665724     
         180   1.9582036118421615     
         181   1.9163636824032781     
         182   1.8759201784048491     
         183   1.8368717717357668     
         184   1.7992166619670202     
         185   1.7629526238780588     
         186   1.7280770510536341     
         187   1.6945869958999606     
         188   1.6624792063919660     
         189   1.6317501598295538     
         190   1.6023960938535544     
         191   1.5744130349457499     
         192   1.5477968246168263     
         193   1.5225431434655374     
         194   1.4986475332766958     
         195   1.4761054173094768     
         196   1.4549121189151528     
         197   1.4350628786107400     
         198   1.4165528697254810     
         199   1.3993772127259256     
