           0  -1.1225612638807916     
           1  -1.1262884060924250     
           2  -1.1295409599284667     
           3  -1.1323201956515421     
           4  -1.1346273996827867     
           5  -1.1364638777996250     
           6  -1.1378309585032791     
           7  -1.1387299965613207     
           8  -1.1391623767312840     
           9  -1.1391295176710585     
          10  -1.1386328760429085     
          11  -1.1376739508179041     
          12  -1.1362542877883506     
          13  -1.1343754842959604     
          14  -1.1320391941846473     
          15  -1.1292471329867571     
          16  -1.1260010833527403     
          17  -1.1223029007346770     
          18  -1.1181545193350360     
          19  -1.1135579583326616     
          20  -1.1085153283986466     
          21  -1.1030288385165883     
          22  -1.0971008031211853     
          23  -1.0907336495715985     
          24  -1.0839299259761759     
          25  -1.0766923093864820     
          26  -1.0690236143800411     
          27  -1.0609268020518561     
          28  -1.0524049894367340     
          29  -1.0434614593851228     
          30  -1.0340996709169967     
          31  -1.0243232700795104     
          32  -1.0141361013356123     
          33  -1.0035422195123043     
          34 -0.99254590233858642     
          35 -0.98115166360475292     
          36 -0.96936426697584255     
          37 -0.95718874049374991     
          38 -0.94463039180350816     
          39 -0.93169482414040472     
          40 -0.91838795311599430     
          41 -0.90471602434136833     
          42 -0.89068563192684858     
          43 -0.87630373789739691     
          44 -0.86157769256306993     
          45 -0.84651525588251719     
          46 -0.83112461985697539     
          47 -0.81541443198929153     
          48 -0.79939381984029800     
          49 -0.78307241670993166     
          50 -0.76646038846575626     
          51 -0.74956846153432477     
          52 -0.73240795206201736     
          53 -0.71499079624129946     
          54 -0.69732958178493321     
          55 -0.67943758051466696     
          56 -0.66132878201109135     
          57 -0.64301792824857062     
          58 -0.62452054911103805     
          59 -0.60585299865233744     
          60 -0.58703249192605900     
          61 -0.56807714216577443     
          62 -0.54900599804478722     
          63 -0.52983908068478769     
          64 -0.51059742001498909     
          65 -0.49130309000535227     
          66 -0.47197924220928067     
          67 -0.45265013695151674     
          68 -0.43334117138592299     
          69 -0.41407890352206128     
          70 -0.39489107118170658     
          71 -0.37580660469124777     
          72 -0.35685563194578784     
          73 -0.33806947428937745     
          74 -0.31948063144177941     
          75 -0.30112275345715261     
          76 -0.28303059741175446     
          77 -0.26523996616611339     
          78 -0.24778762609623328     
          79 -0.23071120007593959     
          80 -0.21404903111569851     
          81 -0.19784001073744970     
          82 -0.18212336407375182     
          83 -0.16693838025484647     
          84 -0.15232407086133404     
          85 -0.13831872915435361     
          86 -0.12495934476840385     
          87 -0.11228079524027748     
          88 -0.10031467200414453     
          89  -8.9087471594512205E-002
          90  -7.8617618779172796E-002
          91  -6.8910212004117094E-002
          92  -5.9947062377133750E-002
          93  -5.1666476661623814E-002
          94  -4.3920071535786913E-002
          95  -3.6382428427703416E-002
          96  -2.8421696234492273E-002
          97  -1.9331899901721589E-002
          98  -9.8386098123994358E-003
          99  -2.6401333205333917E-003
         100   6.3861912084650618E-020
         101  -2.5722371513337843E-003
         102  -1.0158120413140409E-002
         103  -2.2345367076713928E-002
         104  -3.8421024548423166E-002
         105  -5.7492290110932980E-002
         106  -7.8836606056077146E-002
         107 -0.10216324769165480     
         108 -0.12748239141829376     
         109 -0.15485836144809503     
         110 -0.18430086004039389     
         111 -0.21575709250568262     
         112 -0.24913049658407690     
         113 -0.28429855589228520     
         114 -0.32112519276094376     
         115 -0.35946876551519863     
         116 -0.39918715027256380     
         117 -0.44014096111742057     
         118 -0.48219557026967541     
         119 -0.52522233683148467     
         120 -0.56909930181059187     
         121 -0.61371151756059661     
         122 -0.65895112523852029     
         123 -0.70471725934734886     
         124 -0.75091583562005049     
         125 -0.79745926282917212     
         126 -0.84426610798400958     
         127 -0.89126073629190072     
         128 -0.93837294128722104     
         129 -0.98553757607839643     
         130  -1.0326941933304659     
         131  -1.0797866991089045     
         132  -1.1267630238550892     
         133  -1.1735748123934318     
         134  -1.2201771338697698     
         135  -1.2665282118009851     
         136  -1.3125891739101423     
         137  -1.3583238210760060     
         138  -1.4036984145011986     
         139  -1.4486814800673562     
         140  -1.4932436287754673     
         141  -1.5373573921462056     
         142  -1.5809970714650716     
         143  -1.6241385997900115     
         144  -1.6667594156869656     
         145  -1.7088383477161599     
         146  -1.7503555087539271     
         147  -1.7912921992994109     
         148  -1.8316308189792241     
         149  -1.8713547855260491     
         150  -1.9104484605666485     
         151  -1.9488970816116604     
         152  -1.9866866996924668     
         153  -2.0238041221397491     
         154  -2.0602368600439989     
         155  -2.0959730799801521     
         156  -2.1310015596168070     
         157  -2.1653116468656544     
         158  -2.1988932222587350     
         159  -2.2317366642700174     
         160  -2.2638328173243214     
         161  -2.2951729622603927     
         162  -2.3257487890366608     
         163  -2.3555523714877400     
         164  -2.3845761439574935     
         165  -2.4128128796504988     
         166  -2.4402556705581873     
         167  -2.4668979088291558     
         168  -2.4927332694648237     
         169  -2.5177556942324104     
         170  -2.5419593766969095     
         171  -2.5653387482824423     
         172  -2.5878884652812331     
         173  -2.6096033967358649     
         174  -2.6304786131266140     
         175  -2.6505093758019345     
         176  -2.6696911270951209     
         177  -2.6880194810754290     
         178  -2.7054902148858715     
         179  -2.7220992606242960     
         180  -2.7378426977278325     
         181  -2.7527167458238995     
         182  -2.7667177580144005     
         183  -2.7798422145619393     
         184  -2.7920867169499108     
         185  -2.8034479822900975     
         186  -2.8139228380538559     
         187  -2.8235082171046604     
         188  -2.8322011530115456     
         189  -2.8399987756245397     
         190  -2.8468983068948162     
         191  -2.8528970569232226     
         192  -2.8579924202224456     
         193  -2.8621818721790331     
         194  -2.8654629657023838     
         195  -2.8678333280490138     
         196  -2.8692906578110211     
         197  -2.8698327220585851     
         198  -2.8694573536271428     
         199  -2.8681624485402630     
         200  -2.8659527418309683     
         201  -2.8672925989622127     
         202  -2.8699680480630714     
         203  -2.8739667691793689     
         204  -2.8792713630278315     
         205  -2.8858612184526309     
         206  -2.8937148929105421     
         207  -2.9028127648080306     
         208  -2.9131394095629108     
         209  -2.9246847144351169     
         210  -2.9374424911458790     
         211  -2.9514059433404753     
         212  -2.9665611611250298     
         213  -2.9828816564679999     
         214  -3.0003266427259274     
         215  -3.0188432199801856     
         216  -3.0383704697256673     
         217  -3.0588433796173038     
         218  -3.0801956407619708     
         219  -3.1023613056487309     
         220  -3.1252756526675438     
         221  -3.1488755964115649     
         222  -3.1730998697136319     
         223  -3.1978891019571623     
         224  -3.2231858538844897     
         225  -3.2489346346026760     
         226  -3.2750819099866013     
         227  -3.3015761046819851     
         228  -3.3283675974576372     
         229  -3.3554087091806424     
         230  -3.3826536829482832     
         231  -3.4100586563579007     
         232  -3.4375816263043659     
         233  -3.4651824069973514     
         234  -3.4928225820783760     
         235  -3.5204654518093297     
         236  -3.5480759763226439     
         237  -3.5756207158904894     
         238  -3.6030677691047313     
         239  -3.6303867097735005     
         240  -3.6575485232465548     
         241  -3.6845255427847960     
         242  -3.7112913864953461     
         243  -3.7378208952661995     
         244  -3.7640900720533295     
         245  -3.7900760228013777     
         246  -3.8157568992154531     
         247  -3.8411118435452392     
         248  -3.8661209354970771     
         249  -3.8907651413469000     
         250  -3.9150262652953143     
         251  -3.9388869030772264     
         252  -3.9623303978152435     
         253  -3.9853407980889299     
         254  -4.0079028181762135     
         255  -4.0300018004130491     
         256  -4.0516236796083538     
         257  -4.0727549494454909     
         258  -4.0933826307971550     
         259  -4.1134942418783949     
         260  -4.1330777701609911     
         261  -4.1521216459717420     
         262  -4.1706147176996096     
         263  -4.1885462285353805     
         264  -4.2059057946723124     
         265  -4.2226833848956815     
         266  -4.2388693014942103     
         267  -4.2544541624268497     
         268  -4.2694288846829682     
         269  -4.2837846687756880     
         270  -4.2975129843117728     
         271  -4.3106055565835026     
         272  -4.3230543541320783     
         273  -4.3348515772328851     
         274  -4.3459896472577357     
         275  -4.3564611968694233     
         276  -4.3662590610084315     
         277  -4.3753762686319524     
         278  -4.3838060351686297     
         279  -4.3915417556538232     
         280  -4.3985769985121452     
         281  -4.4049054999552979     
         282  -4.4105211589653104     
         283  -4.4154180328337880     
         284  -4.4195903332296860     
         285  -4.4230324227688183     
         286  -4.4257388120594090     
         287  -4.4277041571981668     
         288  -4.4289232576937998     
         289  -4.4293910547926503     
         290  -4.4291026301849952     
         291  -4.4280532050677914     
         292  -4.4262381395427406     
         293  -4.4236529323263083     
         294  -4.4202932207511161     
         295  -4.4161547810357877     
         296  -4.4112335288025211     
         297  -4.4055255198205119     
         298  -4.3990269509539539     
         299  -4.3917341612934742     
         300  -4.3836436334494984     
         301  -4.4073303620203399     
         302  -4.4274992999406182     
         303  -4.4442327684635394     
         304  -4.4576179692150797     
         305  -4.4677457904281441     
         306  -4.4747096736034786     
         307  -4.4786045646470969     
         308  -4.4795259664748484     
         309  -4.4775691034088849     
         310  -4.4728282017833738     
         311  -4.4653958862388423     
         312  -4.4553626873056071     
         313  -4.4428166530367719     
         314  -4.4278430555637485     
         315  -4.4105241823777268     
         316  -4.3909392017399762     
         317  -4.3691640917370425     
         318  -4.3452716229847566     
         319  -4.3193313857233564     
         320  -4.2914098529326887     
         321  -4.2615704720540633     
         322  -4.2298737788714273     
         323  -4.1963775280380231     
         324  -4.1611368356088345     
         325  -4.1242043297342725     
         326  -4.0856303063830000     
         327  -4.0454628875857450     
         328  -4.0037481802327726     
         329  -3.9605304339202192     
         330  -3.9158521967304618     
         331  -3.8697544681588352     
         332  -3.8222768486693610     
         333  -3.7734576855841029     
         334  -3.7233342151927955     
         335  -3.6719427011140584     
         336  -3.6193185690576066     
         337  -3.5654965382298554     
         338  -3.5105107496979646     
         339  -3.4543948920860736     
         340  -3.3971823250205051     
         341  -3.3389062007766324     
         342  -3.2795995846052066     
         343  -3.2192955742364253     
         344  -3.1580274190742710     
         345  -3.0958286396047421     
         346  -3.0327331475485679     
         347  -2.9687753672931492     
         348  -2.9039903591402219     
         349  -2.8384139449038512     
         350  -2.7720828363891128     
         351  -2.7050347672722710     
         352  -2.6373086288906382     
         353  -2.5689446104303997     
         354  -2.4999843439731335     
         355  -2.4304710548262154     
         356  -2.3604497175129846     
         357  -2.2899672177361410     
         358  -2.2190725205469879     
         359  -2.1478168448507726     
         360  -2.0762538442499343     
         361  -2.0044397940677605     
         362  -1.9324337841989181     
         363  -1.8602979171950027     
         364  -1.7880975107055535     
         365  -1.7159013030517720     
         366  -1.6437816603043598     
         367  -1.5718147827628675     
         368  -1.5000809081866153     
         369  -1.4286645085025791     
         370  -1.3576544760162628     
         371  -1.2871442943788363     
         372  -1.2172321887300559     
         373  -1.1480212485608070     
         374  -1.0796195159467505     
         375  -1.0121400309405462     
         376 -0.94570082512414677     
         377 -0.88042485368829693     
         378 -0.81643985600546742     
         379 -0.75387813459474173     
         380 -0.69287624274750437     
         381 -0.63357457199454414     
         382 -0.57611683213158527     
         383 -0.52064941870256531     
         384 -0.46732066556919000     
         385 -0.41627998308782599     
         386 -0.36767688446942715     
         387 -0.32165990162501829     
         388 -0.27837538096741510     
         389 -0.23796611305998469     
         390 -0.20056964362938887     
         391 -0.16631581148136301     
         392 -0.13532218511472877     
         393 -0.10768346332184674     
         394  -8.3443045907991453E-002
         395  -6.2513307302999060E-002
         396  -4.4480754323254039E-002
         397  -2.8443862675141169E-002
         398  -1.4136362205555175E-002
         399  -3.7693049540468205E-003
