           0   24.706142517225498     
           1   24.531538070601137     
           2   24.357772868638264     
           3   24.184848443467370     
           4   24.012766375256007     
           5   23.841528294283471     
           6   23.671135883129732     
           7   23.501590878985688     
           8   23.332895076093759     
           9   23.165050328326494     
          10   22.998058551913736     
          11   22.831921728327778     
          12   22.666641907338050     
          13   22.502221210246919     
          14   22.338661833319872     
          15   22.175966051423746     
          16   22.014136221888435     
          17   21.853174788608204     
          18   21.693084286400723     
          19   21.533867345643021     
          20   21.375526697205359     
          21   21.218065177706020     
          22   21.061485735111887     
          23   20.905791434711858     
          24   20.750985465492864     
          25   20.597071146950512     
          26   20.444051936369934     
          27   20.291931436615222     
          28   20.140713404469476     
          29   19.990401759572194     
          30   19.841000594004029     
          31   19.692514182574683     
          32   19.544946993875385     
          33   19.398303702162195     
          34   19.252589200144509     
          35   19.107808612759818     
          36   18.963967312024081     
          37   18.821070933056632     
          38   18.679125391388453     
          39   18.538136901674562     
          40   18.398111997943261     
          41   18.259057555530404     
          42   18.120980814861621     
          43   17.983889407263959     
          44   17.847791383008108     
          45   17.712695241804997     
          46   17.578609966004638     
          47   17.445545056774296     
          48   17.313510573563494     
          49   17.182517177198559     
          50   17.052576176989593     
          51   16.923699582275265     
          52   16.795900158881842     
          53   16.669191491027242     
          54   16.543588049262258     
          55   16.419105265111085     
          56   16.295759613149560     
          57   16.173568701344891     
          58   16.052551370575983     
          59   15.932727804358146     
          60   15.814119649911046     
          61   15.696750151835694     
          62   15.580644299802374     
          63   15.465828991799501     
          64   15.352333214649461     
          65   15.240188243660237     
          66   15.129427863448278     
          67   15.020088612130865     
          68   14.912210051238006     
          69   14.805835063821794     
          70   14.701010183328048     
          71   14.597785955815926     
          72   14.496217338034763     
          73   14.396364133648254     
          74   14.298291469476482     
          75   14.202070312929674     
          76   14.107778030736837     
          77   14.015498987502513     
          78   13.925325180402908     
          79   13.837356903278275     
          80   13.751703429272268     
          81   13.668483695785762     
          82   13.587826968607764     
          83   13.509873453463372     
          84   13.434774812753403     
          85   13.362694533019029     
          86   13.293808074998601     
          87   13.228302723869778     
          88   13.166377043842870     
          89   13.108239830971810     
          90   13.054108454088240     
          91   13.004206480234242     
          92   12.958760502477736     
          93   12.917996128870724     
          94   12.882133154291925     
          95   12.851380021417281     
          96   12.825927777397698     
          97   12.805943837062316     
          98   12.791565953831615     
          99   12.782896855054380     
         100   12.779999999999999     
         101   12.780916973435037     
         102   12.783667988996035     
         103   12.788253332089559     
         104   12.794673477189582     
         105   12.802929086032750     
         106   12.813021005093578     
         107   12.824950262341154     
         108   12.838718063279897     
         109   12.854325786277322     
         110   12.871774977182957     
         111   12.891067343243259     
         112   12.912204746318363     
         113   12.935189195408361     
         114   12.960022838497297     
         115   12.986707953725594     
         116   13.015246939902884     
         117   13.045642306375141     
         118   13.077896662262791     
         119   13.112012705088048     
         120   13.147993208812885     
         121   13.185841011311473     
         122   13.225559001304109     
         123   13.267150104782127     
         124   13.310617270957405     
         125   13.355963457772388     
         126   13.403191617010551     
         127   13.452304679050398     
         128   13.503305537309490     
         129   13.556197032428924     
         130   13.610981936250454     
         131   13.667662935643969     
         132   13.726242616244024     
         133   13.786723446157900     
         134   13.849107759710231     
         135   13.913397741290886     
         136   13.979595409375580     
         137   14.047702600788998     
         138   14.117720955282369     
         139   14.189651900497163     
         140   14.263496637386497     
         141   14.339256126165937     
         142   14.416931072863520     
         143   14.496521916537349     
         144   14.578028817226469     
         145   14.661451644698170     
         146   14.746789968050734     
         147   14.834043046226720     
         148   14.923209819487155     
         149   15.014288901891563     
         150   15.107278574823265     
         151   15.202176781592792     
         152   15.298981123146492     
         153   15.397688854899613     
         154   15.498296884707067     
         155   15.600801771977231     
         156   15.705199727927514     
         157   15.811486616972523     
         158   15.919657959229417     
         159   16.029708934117316     
         160   16.141634385021543     
         161   16.255428824986964     
         162   16.371086443398593     
         163   16.488601113602797     
         164   16.607966401416714     
         165   16.729175574468879     
         166   16.852221612312420     
         167   16.977097217245067     
         168   17.103794825772102     
         169   17.232306620642543     
         170   17.362624543390009     
         171   17.494740307308515     
         172   17.628645410791851     
         173   17.764331150968637     
         174   17.901788637562497     
         175   18.041008806912149     
         176   18.181982436084567     
         177   18.324700157019993     
         178   18.469152470647838     
         179   18.615329760916815     
         180   18.763222308686707     
         181   18.912820305430380     
         182   19.064113866701291     
         183   19.217093045323171     
         184   19.371747844264227     
         185   19.528068229161054     
         186   19.686044140461643     
         187   19.845665505161634     
         188   20.006922248110261     
         189   20.169804302867377     
         190   20.334301622095918     
         191   20.500404187478267     
         192   20.668102019146446     
         193   20.837385184621972     
         194   21.008243807261405     
         195   21.180668074207485     
         196   21.354648243848303     
         197   21.530174652788787     
         198   21.707237722340540     
         199   21.885827964539114     
