  0.34999999403953552        0.0000000000000000        1.5563316946962749     
  0.34999999403953552        9.9999997764825821E-003   1.5556022419016360     
  0.34999999403953552        1.9999999552965164E-002   1.5529270582054395     
  0.34999999403953552        2.9999999329447746E-002   1.5473230536060858     
  0.36000001430511475        5.0000000745058060E-002   1.5486495892142214     
  0.37000000476837158        5.9999998658895493E-002   1.5573104327040646     
  0.37000000476837158        7.0000000298023224E-002   1.5427406302933424     
  0.37999999523162842        7.9999998211860657E-002   1.5494622368131719     
  0.38999998569488525        9.0000003576278687E-002   1.5557548376478145     
  0.40000000596046448       0.10999999940395355        1.5449119292274276     
  0.40999999642372131       0.11999999731779099        1.5505427671529617     
  0.41999998688697815       0.12999999523162842        1.5561721365143211     
  0.43000000715255737       0.15000000596046448        1.5447336185805713     
  0.43999999761581421       0.15999999642372131        1.5505105912446218     
  0.44999998807907104       0.17000000178813934        1.5564347944207235     
  0.46000000834465027       0.18999999761581421        1.5459577924609611     
  0.46999999880790710       0.20000000298023224        1.5523627981701886     
  0.47999998927116394       0.20999999344348907        1.5589860362328365     
  0.47999998927116394       0.21999999880790710        1.5431826169425311     
  0.49000000953674316       0.23000000417232513        1.5502106935385358     
  0.50000000000000000       0.23999999463558197        1.5574909567993838     
  0.50000000000000000       0.25000000000000000        1.5426115339732385     
  0.50999999046325684       0.25999999046325684        1.5503587611214815     
  0.51999998092651367       0.27000001072883606        1.5583830850301803     
  0.51999998092651367       0.28000000119209290        1.5445383602744629     
  0.52999997138977051       0.28999999165534973        1.5530738060112550     
  0.52999997138977051       0.30000001192092896        1.5401066501528655     
  0.54000002145767212       0.31000000238418579        1.5491751008827070     
  0.55000001192092896       0.31999999284744263        1.5585498435502618     
  0.55000001192092896       0.33000001311302185        1.5467441944467404     
  0.56000000238418579       0.34000000357627869        1.5566770911794734     
  0.56000000238418579       0.34999999403953552        1.5458271107976622     
  0.56999999284744263       0.36000001430511475        1.5563292909340112     
  0.56999999284744263       0.37000000476837158        1.5464602728451426     
  0.57999998331069946       0.37999999523162842        1.5575393884741195     
  0.57999998331069946       0.38999998569488525        1.5486716722179188     
  0.57999998331069946       0.40000000596046448        1.5405710194251150     
  0.58999997377395630       0.40999999642372131        1.5524817628692511     
  0.58999997377395630       0.41999998688697815        1.5454125579876155     
  0.60000002384185791       0.43000000715255737        1.5579041776790143     
  0.60000002384185791       0.43999999761581421        1.5518759392144275     
  0.60000002384185791       0.44999998807907104        1.5466543398898482     
  0.60000002384185791       0.46000000834465027        1.5422517002947256     
  0.61000001430511475       0.46000000834465027        1.5599651361548155     
  0.61000001430511475       0.46999999880790710        1.5557986546380849     
  0.61000001430511475       0.47999998927116394        1.5524576832012356     
  0.61000001430511475       0.49000000953674316        1.5499518116644655     
  0.61000001430511475       0.50000000000000000        1.5482894016607773     
  0.61000001430511475       0.50999999046325684        1.5474775661615836     
  0.61000001430511475       0.51999998092651367        1.5475221520044431     
  0.61000001430511475       0.52999997138977051        1.5484277260507060     
  0.61000001430511475       0.54000002145767212        1.5501975655173044     
  0.60000002384185791       0.55000001192092896        1.5408947011877605     
  0.61000001430511475       0.55000001192092896        1.5528336529389541     
  0.60000002384185791       0.56000000238418579        1.5450816167288350     
  0.61000001430511475       0.56000000238418579        1.5563366761249633     
  0.58999997377395630       0.56999999284744263        1.5404091423480124     
  0.60000002384185791       0.56999999284744263        1.5501387608092523     
  0.58999997377395630       0.57999998331069946        1.5470291973765282     
  0.60000002384185791       0.57999998331069946        1.5560629439113292     
  0.58999997377395630       0.58999997377395630        1.5545117227621488     
