           0   7.5406066705107619     
           1   7.5310354086448799     
           2   7.5223335503049960     
           3   7.5144885302479976     
           4   7.5074867101236720     
           5   7.5013132873930184     
           6   7.4959521944670406     
           7   7.4913859868524781     
           8   7.4875957189361007     
           9   7.4845608058661712     
          10   7.4822588697980255     
          11   7.4806655685589742     
          12   7.4797544045569397     
          13   7.4794965115089234     
          14   7.4798604163014311     
          15   7.4808117730242891     
          16   7.4823130659483992     
          17   7.4843232779662632     
          18   7.4867975208019617     
          19   7.4896866231625205     
          20   7.4929366729920810     
          21   7.4964885101773913     
          22   7.5002771665312045     
          23   7.5042312507858062     
          24   7.5082722778343109     
          25   7.5123139437981150     
          26   7.5162613519677013     
          27   7.5200101996302147     
          28   7.5234459426929030     
          29   7.5264429643226212     
          30   7.5288637860314687     
          31   7.5305583751371081     
          32   7.5313636214450232     
          33   7.5311030779477530     
          34   7.5295870840449100     
          35   7.5266134126391817     
          36   7.5219686000188597     
          37   7.5154301230968912     
          38   7.5067695737136075     
          39   7.4957569346626434     
          40   7.4821659783926515     
          41   7.4657806594122107     
          42   7.4464023520488203     
          43   7.4238572881034512     
          44   7.3980037520892017     
          45   7.3687383202559182     
          46   7.3360004384566047     
          47   7.2997748054749865     
          48   7.2600912645102431     
          49   7.2170222178029748     
          50   7.1706778894038443     
          51   7.1212000013113261     
          52   7.0687545540166905     
          53   7.0135244040145972     
          54   6.9557022303391101     
          55   6.8954843208185519     
          56   6.8330654324119120     
          57   6.7686348270720122     
          58   6.7023734439368079     
          59   6.6344520841527430     
          60   6.5650304764476903     
          61   6.4942570580198762     
          62   6.4222693112276010     
          63   6.3491945205713920     
          64   6.2751508389092194     
          65   6.2002485762263051     
          66   6.1245916465534034     
          67   6.0482791275594590     
          68   5.9714069026040839     
          69   5.8940693668020065     
          70   5.8163611873423893     
          71   5.7383791143963396     
          72   5.6602238428604759     
          73   5.5820019272251118     
          74   5.5038277521445051     
          75   5.4258255597130489     
          76   5.3481315305978798     
          77   5.2708959092318493     
          78   5.1942851519011670     
          79   5.1184840587890053     
          80   5.0436978241087633     
          81   4.9701538988443890     
          82   4.8981035042504928     
          83   4.8278225574202693     
          84   4.7596116714917951     
          85   4.6937947772019957     
          86   4.6307157969389721     
          87   4.5707327262243416     
          88   4.5142085099984630     
          89   4.4614983420419376     
          90   4.4129335724776420     
          91   4.3688033314353154     
          92   4.3293361591850497     
          93   4.2946850200882469     
          94   4.2649195042940331     
          95   4.2400282649883350     
          96   4.2199327164717584     
          97   4.2045103150824623     
          98   4.1936233848659477     
          99   4.1871482903599979     
         100   4.1849999999999996     
         101   4.1878580330690758     
         102   4.1963973456761972     
         103   4.2105146243672351     
         104   4.2300410466729090     
         105   4.2547469274749874     
         106   4.2843474856242194     
         107   4.3185091352279530     
         108   4.3568557003069524     
         109   4.3989740151866572     
         110   4.4444184843916625     
         111   4.4927143115354848     
         112   4.5433592479363982     
         113   4.5958238480119302     
         114   4.6495503488555965     
         115   4.7039504230286715     
         116   4.7584021995787378     
         117   4.8122471238372926     
         118   4.8647874435551177     
         119   4.9152853676362822     
         120   4.9629652202236727     
         121   5.0070201431780195     
         122   5.0466249656132165     
         123   5.0809565875793048     
         124   5.1092224266722068     
         125   5.1306960391759739     
         126   5.1447570616671623     
         127   5.1509305847709976     
         128   5.1489197592978826     
         129   5.1386257371088195     
         130   5.1201520275223373     
         131   5.0938112765347459     
         132   5.1254180907909763     
         133   5.2113602306987055     
         134   5.2982436962021850     
         135   5.3860245093961119     
         136   5.4746617932302053     
         137   5.5641175494538677     
         138   5.6543564557859867     
         139   5.7453456809512797     
         140   5.8370547162058841     
         141   5.9294552219919714     
         142   6.0225208884043342     
         143   6.1162273082114149     
         144   6.2105518612441140     
         145   6.3054736090411856     
         146   6.4009731987199920     
         147   6.4970327751191999     
         148   6.5936359003384934     
         149   6.6907674798738022     
         150   6.7884136946195488     
         151   6.8865619380747898     
         152   6.9852007581553224     
         153   7.0843198030719705     
         154   7.1839097707910087     
         155   7.2839623616434679     
         156   7.3844702336980399     
         157   7.4854269605552251     
         158   7.5868269912615354     
         159   7.6886656120787178     
         160   7.7909389098775517     
         161   7.8936437369558590     
         162   7.9967776771094794     
         163   8.1003390128097639     
         164   8.2043266933645977     
         165   8.3087403039605316     
         166   8.4135800355024379     
         167   8.5188466551833919     
         168   8.6245414777322029     
         169   8.7306663372988336     
         170   8.8372235599488711     
         171   8.9442159367482628     
         172   9.0516466974269534     
         173   9.1595194846169967     
         174   9.2678383286668122     
         175   9.3766076230366853     
         176   9.4858321002845400     
         177   9.5955168086533540     
         178   9.7056670892730086     
         179   9.8162885539906242     
         180   9.9273870638429518     
         181   10.038968708184946     
         182   10.151039784487191     
         183   10.263606778814047     
         184   10.376676346992667     
         185   10.490255296481550     
         186   10.604350568945172     
         187   10.718969223539295     
         188   10.834118420909258     
         189   10.949805407901808     
         190   11.066037502988173     
         191   11.182822082394853     
         192   11.300166566935403     
         193   11.418078409536099     
         194   11.536565083444433     
         195   11.655634071109949     
         196   11.775292851353004     
         197   11.895548890610014     
         198   12.016409645506160     
         199   12.137882536996885     
