           0  -7.6386775380066689     
           1  -7.6252526077478597     
           2  -7.6070443401464694     
           3  -7.5842444009644483     
           4  -7.5570675335175066     
           5  -7.5257434103334004     
           6  -7.4905091344197956     
           7  -7.4516027717039464     
           8  -7.4092581051790498     
           9  -7.3637006415913513     
          10  -7.3151447871439572     
          11  -7.2637920403453853     
          12  -7.2098300203321513     
          13  -7.1534321470664874     
          14  -7.0947578052520948     
          15  -7.0339528480748781     
          16  -6.9711503238925800     
          17  -6.9064713349802611     
          18  -6.8400259603733238     
          19  -6.7719141939451601     
          20  -6.7022268640726193     
          21  -6.6310465129426985     
          22  -6.5584482222735545     
          23  -6.4845003785338280     
          24  -6.4092653751713788     
          25  -6.3328002523633478     
          26  -6.2551572767406070     
          27  -6.1763844647180308     
          28  -6.0965260536976240     
          29  -6.0156229256759834     
          30  -5.9337129878024024     
          31  -5.8508315142898724     
          32  -5.7670114538411372     
          33  -5.6822837064602894     
          34  -5.5966773732073882     
          35  -5.5102199821392022     
          36  -5.4229376933761264     
          37  -5.3348554859514605     
          38  -5.2459973288391994     
          39  -5.1563863383213793     
          40  -5.0660449236473859     
          41  -4.9749949227540471     
          42  -4.8832577296565161     
          43  -4.7908544149836967     
          44  -4.6978058410181376     
          45  -4.6041327725059569     
          46  -4.5098559844279817     
          47  -4.4149963678661015     
          48  -4.3195750350594198     
          49  -4.2236134247215720     
          50  -4.1271334086836786     
          51  -4.0301574009364733     
          52  -3.9327084701701680     
          53  -3.8348104569525989     
          54  -3.7364880967448708     
          55  -3.6377671500310043     
          56  -3.5386745409342359     
          57  -3.4392385058103079     
          58  -3.3394887534476552     
          59  -3.2394566386697243     
          60  -3.1391753513261049     
          61  -3.0386801228812828     
          62  -2.9380084530636146     
          63  -2.8372003593266859     
          64  -2.7362986522020405     
          65  -2.6353492399894760     
          66  -2.5344014666390291     
          67  -2.4335084871279071     
          68  -2.3327276851230327     
          69  -2.2321211382392572     
          70  -2.1317561367434448     
          71  -2.0317057620957208     
          72  -1.9320495322313993     
          73  -1.8328741209240245     
          74  -1.7342741588655364     
          75  -1.6363531241579421     
          76  -1.5392243295995771     
          77  -1.4430120132878568     
          78  -1.3478525374098118     
          79  -1.2538956973444306     
          80  -1.1613061389790562     
          81  -1.0702648760122628     
          82 -0.98097089053829178     
          83 -0.89364278906260219     
          84 -0.80852047235001845     
          85 -0.72586676215604884     
          86 -0.64596891398449496     
          87 -0.56913993990540446     
          88 -0.49571968559781959     
          89 -0.42607568721331962     
          90 -0.36060405669064449     
          91 -0.29973119394854941     
          92 -0.24391844459960457     
          93 -0.19367498337373629     
          94 -0.14959144326445556     
          95 -0.11241835186322562     
          96  -8.3181273214025769E-002
          97  -6.2934141880236549E-002
          98  -5.1245300188077887E-002
          99  -4.5642359730333662E-002
         100  -4.4000000000000004E-002
         101  -4.6126174989625748E-002
         102  -5.2593421051421348E-002
         103  -6.3689397261809430E-002
         104  -7.9924850378096463E-002
         105 -0.10192051642420528     
         106 -0.13006686561985850     
         107 -0.16427368665316811     
         108 -0.20411272427628335     
         109 -0.24907595118999798     
         110 -0.29869508947328938     
         111 -0.35255906062117870     
         112 -0.41030341555692135     
         113 -0.47159917604348661     
         114 -0.53614562134799859     
         115 -0.60366610691642453     
         116 -0.67390559652821713     
         117 -0.74662903825135918     
         118 -0.82162010925443518     
         119 -0.89868009659365733     
         120 -0.97762681315080413     
         121  -1.0582935150492754     
         122  -1.1405278184045295     
         123  -1.2241906260619684     
         124  -1.3091550783646584     
         125  -1.3953055410003206     
         126  -1.4825366402446998     
         127  -1.5707523527830518     
         128  -1.6598651543804832     
         129  -1.7497952292362344     
         130  -1.8404697399553278     
         131  -1.9318221566678890     
         132  -2.0237916428513780     
         133  -2.1163224947809485     
         134  -2.2093636311717653     
         135  -2.3028681294168258     
         136  -2.3967928048089853     
         137  -2.4910978292227592     
         138  -2.5857463858855985     
         139  -2.6807043570638061     
         140  -2.7759400417068902     
         141  -2.8714239003210262     
         142  -2.9671283245687974     
         143  -3.0630274293116542     
         144  -3.1590968650194693     
         145  -3.2553136486656986     
         146  -3.3516560114055789     
         147  -3.4481032614989910     
         148  -3.5446356610876513     
         149  -3.6412343155709017     
         150  -3.7378810744446156     
         151  -3.8345584425756978     
         152  -3.9312495009808139     
         153  -4.0279378362643534     
         154  -4.1246074779466104     
         155  -4.2212428429817255     
         156  -4.3178286868256661     
         157  -4.4143500604684718     
         158  -4.5107922728939611     
         159  -4.6071408584731115     
         160  -4.7033815488367656     
         161  -4.7995002488085543     
         162  -4.8954830160108553     
         163  -4.9913160437859636     
         164  -5.0869856471012271     
         165  -5.1824782511315659     
         166  -5.2777803822353198     
         167  -5.3728786610608905     
         168  -5.4677597975405900     
         169  -5.5624105875473155     
         170  -5.6568179110062324     
         171  -5.7509687312703974     
         172  -5.8448500955843272     
         173  -5.9384491364740892     
         174  -6.0317530739160965     
         175  -6.1247492181499279     
         176  -6.2174249730124869     
         177  -6.3097678396824186     
         178  -6.4017654207348320     
         179  -6.4934054244161690     
         180  -6.5846756690591768     
         181  -6.6755640875665936     
         182  -6.7660587319008538     
         183  -6.8561477775247779     
         184  -6.9458195277456607     
         185  -7.0350624179218597     
         186  -7.1238650194972220     
         187  -7.2122160438345020     
         188  -7.3001043458238470     
         189  -7.3875189272478092     
         190  -7.4744489398878802     
         191  -7.5608836883621073     
         192  -7.6468126326864780     
         193  -7.7322253905558016     
         194  -7.8171117393431899     
         195  -7.9014616178184953     
         196  -7.9852651275895061     
         197  -8.0685125342705302     
         198  -8.1511942683848861     
         199  -8.2333009260093384     
         200  -8.2590780159026647     
         201  -8.2816027521208770     
         202  -8.2739361973356704     
         203  -8.2533048347606908     
         204  -8.2325640770276696     
         205  -8.2117265153644574     
         206  -8.1908052583759172     
         207  -8.1698139580262126     
         208  -8.1487668217075768     
         209  -8.1276786220812927     
         210  -8.1065647054386520     
         211  -8.0854409985262556     
         212  -8.0643240136311505     
         213  -8.0432308516710957     
         214  -8.0221792030083527     
         215  -8.0011873456806750     
         216  -7.9802741407196409     
         217  -7.9594590242124976     
         218  -7.9387619957458382     
         219  -7.9182036028577309     
         220  -7.8978049211171850     
         221  -7.8775875294477595     
         222  -7.8575734803161206     
         223  -7.8377852644187316     
         224  -7.8182457695208374     
         225  -7.7989782331337461     
         226  -7.7800061887592395     
         227  -7.7613534054860285     
         228  -7.7430438207922991     
         229  -7.7251014664920561     
         230  -7.7075503878609792     
         231  -7.6904145560895412     
         232  -7.6737177743366543     
         233  -7.6574835777949710     
         234  -7.6417351283257231     
         235  -7.6264951043757438     
         236  -7.6117855870464632     
         237  -7.5976279433408855     
         238  -7.5840427077646311     
         239  -7.5710494635952079     
         240  -7.5586667252541782     
         241  -7.5469118233136188     
         242  -7.5358007937360743     
         243  -7.5253482729803345     
         244  -7.5155674006000206     
         245  -7.5064697309152244     
         246  -7.4980651552477333     
         247  -7.4903618360775956     
         248  -7.4833661543060170     
         249  -7.4770826705995121     
         250  -7.4715141015496913     
         251  -7.4666613111185658     
         252  -7.4625233175595813     
         253  -7.4590973157187586     
         254  -7.4563787143382729     
         255  -7.4543611877150608     
         256  -7.4530367408194449     
         257  -7.4523957867596256     
         258  -7.4524272352944960     
         259  -7.4531185909529594     
         260  -7.4544560592161533     
         261  -7.4564246591599783     
         262  -7.4590083409382260     
         263  -7.4621901065088183     
         264  -7.4659521320631228     
         265  -7.4702758907066542     
         266  -7.4751422740524305     
         267  -7.4805317115208183     
         268  -7.4864242862852208     
         269  -7.4927998469565011     
         270  -7.4996381142549238     
         271  -7.5069187820723569     
         272  -7.5146216124755840     
         273  -7.5227265243405483     
         274  -7.5312136754352439     
         275  -7.5400635378837100     
         276  -7.5492569670445073     
         277  -7.5587752639236276     
         278  -7.5686002313142300     
         279  -7.5787142239143650     
         280  -7.5891001927193686     
         281  -7.5997417240199692     
         282  -7.6106230733599167     
         283  -7.6217291948207180     
         284  -7.6330457660065418     
         285  -7.6445592091002865     
         286  -7.6562567083543431     
         287  -7.6681262243668140     
         288  -7.6801565054772771     
         289  -7.6923370965963098     
         290  -7.7046583457608273     
         291  -7.7171114086824248     
         292  -7.7296882515304342     
         293  -7.7423816521633642     
         294  -7.7551851999934289     
         295  -7.7680932946375236     
         296  -7.7811011434736450     
         297  -7.7942047581826879     
         298  -7.8074009503082014     
         299  -7.8206873258059941     
         300  -7.8340622784705429     
         301  -7.7932510390366687     
         302  -7.7513318178897315     
         303  -7.7083060848926594     
         304  -7.6641752019965983     
         305  -7.6189404969855721     
         306  -7.5726032998485735     
         307  -7.5251649628259916     
         308  -7.4766268726873042     
         309  -7.4269904590734201     
         310  -7.3762572007610645     
         311  -7.3244286308105924     
         312  -7.2715063411249226     
         313  -7.2174919867248084     
         314  -7.1623872899273238     
         315  -7.1061940445481966     
         316  -7.0489141202109202     
         317  -6.9905494668239667     
         318  -6.9311021192742830     
         319  -6.8705742023783669     
         320  -6.8089679361279458     
         321  -6.7462856412660317     
         322  -6.6825297452286900     
         323  -6.6177027884889670     
         324  -6.5518074313411594     
         325  -6.4848464611662227     
         326  -6.4168228002219907     
         327  -6.3477395140058928     
         328  -6.2775998202418659     
         329  -6.2064070985483859     
         330  -6.1341649008496990     
         331  -6.0608769625990808     
         332  -5.9865472148896153     
         333  -5.9111797975362697     
         334  -5.8347790732216742     
         335  -5.7573496428084399     
         336  -5.6788963619317441     
         337  -5.5994243589991424     
         338  -5.5189390547384702     
         339  -5.4374461834514065     
         340  -5.3549518161482306     
         341  -5.2714623857604854     
         342  -5.1869847146515173     
         343  -5.1015260446718518     
         344  -5.0150940700368221     
         345  -4.9276969733384117     
         346  -4.8393434650430809     
         347  -4.7500428268723596     
         348  -4.6598049595149620     
         349  -4.5686404351783283     
         350  -4.4765605555557775     
         351  -4.3835774158637832     
         352  -4.2897039756940192     
         353  -4.1949541375291872     
         354  -4.0993428338917361     
         355  -4.0028861242340650     
         356  -3.9056013028400924     
         357  -3.8075070191956328     
         358  -3.7086234125028632     
         359  -3.6089722622677280     
         360  -3.5085771571849622     
         361  -3.4074636848901072     
         362  -3.3056596455508114     
         363  -3.2031952927403879     
         364  -3.1001036055869395     
         365  -2.9964205968345650     
         366  -2.8921856622052835     
         367  -2.7874419773279815     
         368  -2.6822369495243734     
         369  -2.5766227329317366     
         370  -2.4706568168210459     
         371  -2.3644026985579161     
         372  -2.2579306544716862     
         373  -2.1513186239567479     
         374  -2.0446532244289646     
         375  -1.9380309172745669     
         376  -1.8315593475983523     
         377  -1.7253588832809064     
         378  -1.6195643813795702     
         379  -1.5143272119066769     
         380  -1.4098175699464475     
         381  -1.3062271061087816     
         382  -1.2037719012764487     
         383  -1.1026958028395404     
         384  -1.0032741239983680     
         385 -0.90581768277906549     
         386 -0.81067712091642075     
         387 -0.71824739437755003     
         388 -0.62897227262853772     
         389 -0.54334864392458415     
         390 -0.46193045843138214     
         391 -0.38533240379128791     
         392 -0.31423429143821091     
         393 -0.24938964868002000     
         394 -0.19164870205143866     
         395 -0.14202136017416192     
         396 -0.10181463206347117     
         397  -7.2633774038447271E-002
         398  -5.5003692362114880E-002
         399  -4.6473937169442266E-002
