           0   12.944282578019802     
           1   12.824853620145317     
           2   12.706538871148757     
           3   12.589353294238528     
           4   12.473312607686534     
           5   12.358433325220616     
           6   12.244732798226126     
           7   12.132229259740354     
           8   12.020941870199621     
           9   11.910890764868643     
          10   11.802097102847917     
          11   11.694583117511160     
          12   11.588372168175795     
          13   11.483488792750322     
          14   11.379958761032960     
          15   11.277809128256827     
          16   11.177068288383644     
          17   11.077766026543028     
          18   10.979933569893731     
          19   10.883603636048267     
          20   10.788810478051696     
          21   10.695589924737806     
          22   10.603979415105222     
          23   10.514018025158952     
          24   10.425746485456882     
          25   10.339207187384437     
          26   10.254444175964085     
          27   10.171503126792482     
          28   10.090431304500104     
          29   10.011277499954373     
          30   9.9340919432959893     
          31   9.8589261898235154     
          32   9.7858329757458726     
          33   9.7148660409285661     
          34   9.6460799159908195     
          35   9.5795296714945906     
          36   9.5152706275246626     
          37   9.4533580227119458     
          38   9.3938466427097378     
          39   9.3367904092889109     
          40   9.2822419325507042     
          41   9.2302520302125384     
          42   9.1808692194369002     
          43   9.1341391881603844     
          44   9.0901042542627621     
          45   9.0488028221321049     
          46   9.0102688471896872     
          47   8.9745313196980661     
          48   8.9416137796280886     
          49   8.9115338744074766     
          50   8.8843029708973518     
          51   8.8599258318453433     
          52   8.8384003653116281     
          53   8.8197174532155849     
          54   8.8038608623448642     
          55   8.7908072380949651     
          56   8.7805261780693691     
          57   8.7729803796461177     
          58   8.7681258528385939     
          59   8.7659121872537362     
          60   8.7662828593889337     
          61   8.7691755624514549     
          62   8.7745225279559875     
          63   8.7822507341043323     
          64   8.7922809902379324     
          65   8.7927028451548566     
          66   8.7419956278144024     
          67   8.6875944384436110     
          68   8.6297880025178433     
          69   8.5689120758809469     
          70   8.5053579674020234     
          71   8.4395541278632464     
          72   8.3719486203422342     
          73   8.3029942581086811     
          74   8.2331369449455245     
          75   8.1628072038921413     
          76   8.0924145558853873     
          77   8.0223442520462971     
          78   7.9529558265108946     
          79   7.8845829746319200     
          80   7.8175343361047753     
          81   7.7520948477864424     
          82   7.6885274112407904     
          83   7.6270746880887579     
          84   7.5679608900688367     
          85   7.5113934712692076     
          86   7.4575646595611440     
          87   7.4066527855062798     
          88   7.3588233824419866     
          89   7.3142300431977167     
          90   7.2730150286115007     
          91   7.2353096318654400     
          92   7.2012343113366439     
          93   7.1708986134227990     
          94   7.1444009155140042     
          95   7.1218280274678589     
          96   7.1032546968827806     
          97   7.0887430682956083     
          98   7.0783421483154774     
          99   7.0720873269840974     
         100   7.0700000000000003     
         101   7.0727825093459433     
         102   7.0811134381773577     
         103   7.0949435922373603     
         104   7.1141929418458139     
         105   7.1387533938662298     
         106   7.1684923592942651     
         107   7.2032568563126693     
         108   7.2428778772754310     
         109   7.2871747656963386     
         110   7.3359593886956960     
         111   7.3890399423509718     
         112   7.4462242830685481     
         113   7.5073227302622261     
         114   7.5721503295679948     
         115   7.6405285992955667     
         116   7.7122868055722913     
         117   7.7872628247905826     
         118   7.8653036573544073     
         119   7.9462656563705840     
         120   8.0300145307543342     
         121   8.1164251758093187     
         122   8.2053813769230022     
         123   8.2967754244495513     
         124   8.2709297038691361     
         125   8.2420570761216947     
         126   8.2229131638185891     
         127   8.2140127739235815     
         128   8.2156864896196602     
         129   8.2280620582621822     
         130   8.2510625794870442     
         131   8.2844221641550604     
         132   8.3277160943552335     
         133   8.3803999396297701     
         134   8.4418513008510008     
         135   8.5114087488595072     
         136   8.5884043935022714     
         137   8.6721885407260331     
         138   8.7621465044013735     
         139   8.8577086246879890     
         140   8.9583549601248400     
         141   9.0636161392040666     
         142   9.1730716598322761     
         143   9.2863466479628656     
         144   9.4031078117965787     
         145   9.5230590941754620     
         146   9.6459373446051924     
         147   9.7715082008198522     
         148   9.8995622792050320     
         149   10.029911713873201     
         150   10.162387046964284     
         151   10.296834450838139     
         152   10.433113251043791     
         153   10.571093713612935     
         154   10.710655058826051     
         155   10.851683664482829     
         156   10.994071423831237     
         157   11.137714226045453     
         158   11.282510530163410     
         159   11.428360006578401     
         160   11.495706415533652     
         161   11.557406547833523     
         162   11.620126517030929     
         163   11.683866323125841     
         164   11.748625966118270     
         165   11.814405446008236     
         166   11.881204762795706     
         167   11.949023916480705     
         168   12.017862907063209     
         169   12.087721734543237     
         170   12.158600398920802     
         171   12.230498900195853     
         172   12.303417238368445     
         173   12.377355413438554     
         174   12.452313425406173     
         175   12.528291274271318     
         176   12.605288960033979     
         177   12.683306482694155     
         178   12.762343842251861     
         179   12.842401038707076     
         180   12.923478072059812     
         181   13.005574942310066     
         182   13.088691649457825     
         183   13.172828193503133     
         184   13.257984574445944     
         185   13.344160792286266     
         186   13.431356847024126     
         187   13.519572738659484     
         188   13.608808467192365     
         189   13.699064032622774     
         190   13.790339434950694     
         191   13.882634674176138     
         192   13.975949750299108     
         193   14.070284663319583     
         194   14.165639413237567     
         195   14.262014000053096     
         196   14.359408423766125     
         197   14.457822684376676     
         198   14.557256781884757     
         199   14.657710716290351     
         200   14.759184487593448     
         201   14.736970774172947     
         202   14.721142017848249     
         203   14.711269730879202     
         204   14.706747822055368     
         205   14.706844729934076     
         206   14.710758193239528     
         207   14.717665387762903     
         208   14.726764081413283     
         209   14.737303258998239     
         210   14.748603625785211     
         211   14.760069404486755     
         212   14.771193136271046     
         213   14.781555106095142     
         214   14.790818786157255     
         215   14.798723464260702     
         216   14.805075040065582     
         217   14.809735824632495     
         218   14.812614045303521     
         219   14.813653622599519     
         220   14.812824644901614     
         221   14.810114827057555     
         222   14.805522111913117     
         223   14.799048469175787     
         224   14.790694869726909     
         225   14.780457366326861     
         226   14.768324190433887     
         227   14.754273774010697     
         228   14.738273618145799     
         229   14.720279950432996     
         230   14.700238134062687     
         231   14.678083807720856     
         232   14.653744741478878     
         233   14.627143385545516     
         234   14.598200063152314     
         235   14.566836715528215     
         236   14.532981049092815     
         237   14.496570870393537     
         238   14.457558335126063     
         239   14.415913798806775     
         240   14.371628952708173     
         241   14.324718968788673     
         242   14.275223461600623     
         243   14.223206192638903     
         244   14.168753573292307     
         245   14.111972142630075     
         246   14.052985284741967     
         247   13.991929494788977     
         248   13.928950501737939     
         249   13.864199516953805     
         250   13.797829815138272     
         251   13.729993782420722     
         252   13.660840498169781     
         253   13.590513860443533     
         254   13.519151223583181     
         255   13.446882490358208     
         256   13.373829588124114     
         257   13.300106255491093     
         258   13.225818069775773     
         259   13.151062653210419     
         260   13.075930005366947     
         261   13.000502919038460     
         262   12.924857445997269     
         263   12.849063387136580     
         264   12.773184788324475     
         265   12.697280428860466     
         266   12.621404293841339     
         267   12.545606025177163     
         268   12.469931348626947     
         269   12.394422476221594     
         270   12.319118484961443     
         271   12.244055673861379     
         272   12.169267902388485     
         273   12.094786914210468     
         274   12.020642651056576     
         275   11.946863562502076     
         276   11.873476918756108     
         277   11.800509135226392     
         278   11.727986119993508     
         279   11.655933658667809     
         280   11.584377855927686     
         281   11.513345660096611     
         282   11.442865507588149     
         283   11.372968139827883     
         284   11.303687669440032     
         285   11.235063010257138     
         286   11.167139845959619     
         287   11.099973410548255     
         288   11.033632518733421     
         289   10.968205568590204     
         290   10.903809744372776     
         291   10.840605577350267     
         292   10.778820796103629     
         293   10.718790908640687     
         294   10.661031158974334     
         295   10.606369648347453     
         296   10.556203067543175     
         297   10.512995476540041     
         298   10.481192757766605     
         299   10.468397568747230     
         300   10.484657173429698     
         301   10.384661380144609     
         302   10.286185793549606     
         303   10.189242332312251     
         304   10.093843318441804     
         305   10.000001488376293     
         306   9.9077300039529153     
         307   9.8170424631967830     
         308   9.7279529108565903     
         309   9.6404758486058331     
         310   9.5546262448201986     
         311   9.4704195438315253     
         312   9.3878716745477462     
         313   9.3069990583180164     
         314   9.2278186159097473     
         315   9.1503477734523138     
         316   9.0746044671892676     
         317   9.0006071468674627     
         318   8.9283747775781475     
         319   8.8579268398506841     
         320   8.7892833277862135     
         321   8.7224647450042898     
         322   8.6574920981620540     
         323   8.5943868877927194     
         324   8.5331710961981138     
         325   8.4738671721190570     
         326   8.4164980118979269     
         327   8.3610869368412324     
         328   8.3076576664842978     
         329   8.2562342874588932     
         330   8.2068412176657528     
         331   8.1595031654599008     
         332   8.1142450835656952     
         333   8.0710921174537837     
         334   8.0300695479317969     
         335   7.9912027277262627     
         336   7.9545170118648079     
         337   7.9200376817048772     
         338   7.8877898624993286     
         339   7.8577984344377736     
         340   7.8300879371578089     
         341   7.8046824677793882     
         342   7.7816055725778979     
         343   7.7608801324771530     
         344   7.7425282426085076     
         345   7.7265710862467047     
         346   7.7130288034928149     
         347   7.7019203551279283     
         348   7.6932633821049530     
         349   7.6870740611758173     
         350   7.6833669571649983     
         351   7.6821548723929416     
         352   7.6834486937206892     
         353   7.6872572376268504     
         354   7.6935870936345490     
         355   7.7024424662753823     
         356   7.7138250156074566     
         357   7.7277336960886895     
         358   7.7441645933424050     
         359   7.7631107580362091     
         360   7.7845620357208825     
         361   7.8085048910411796     
         362   7.8349222242269452     
         363   7.8637931771962402     
         364   7.8950929259418992     
         365   7.9287924551200808     
         366   7.9648583099005714     
         367   8.0032523191561946     
         368   8.0439312829448859     
         369   8.0868466159438590     
         370   8.1319439369984909     
         371   8.1791625931933947     
         372   8.2284351047296802     
         373   8.2796865140465172     
         374   8.3328336173596966     
         375   8.3877840359875186     
         376   8.4444347976025078     
         377   8.4397211419245934     
         378   8.3400177900685577     
         379   8.2424281607326062     
         380   8.1471523241129624     
         381   8.0543960834470223     
         382   7.9643717293812690     
         383   7.8772979166370876     
         384   7.7933993491712252     
         385   7.7129062656639302     
         386   7.6360536858842343     
         387   7.5630803741757315     
         388   7.4942274778053148     
         389   7.4297368036932401     
         390   7.3698487075904655     
         391   7.3147995857567292     
         392   7.2648189809694390     
         393   7.2201263419768376     
         394   7.1809275071148759     
         395   7.1474110164612048     
         396   7.1197443892286403     
         397   7.0980705298569164     
         398   7.0825044428742601     
         399   7.0731304389565715     
