           0   24.706975606800270     
           1   24.532360893453053     
           2   24.358585393992563     
           3   24.185650641035057     
           4   24.013558215260097     
           5   23.842309747486276     
           6   23.671906920861119     
           7   23.502351473172759     
           8   23.333645199291396     
           9   23.165789953749442     
          10   22.998787653469833     
          11   22.832640280652662     
          12   22.667349885831158     
          13   22.502918591109179     
          14   22.339348593592767     
          15   22.176642169030178     
          16   22.014801675675201     
          17   21.853829558390292     
          18   21.693728353007508     
          19   21.534500690966418     
          20   21.376149304249978     
          21   21.218677030641590     
          22   21.062086819327838     
          23   20.906381736874334     
          24   20.751564973604125     
          25   20.597639850411078     
          26   20.444609826043326     
          27   20.292478504895627     
          28   20.141249645352456     
          29   19.990927168728387     
          30   19.841515168856290     
          31   19.693017922378704     
          32   19.545439899803810     
          33   19.398785777392703     
          34   19.253060449951828     
          35   19.108269044611930     
          36   18.964416935682891     
          37   18.821509760683245     
          38   18.679553437653336     
          39   18.538554183872730     
          40   18.398518536114928     
          41   18.259453372587227     
          42   18.121365936718735     
          43   17.984263862978221     
          44   17.848155204922939     
          45   17.713048465701736     
          46   17.578952631261167     
          47   17.445877206530906     
          48   17.313832254896564     
          49   17.182828441302146     
          50   17.052877079365359     
          51   16.923990182931032     
          52   16.796180522539217     
          53   16.669461687338107     
          54   16.543848153035011     
          55   16.419355356546390     
          56   16.295999778085772     
          57   16.173799031513461     
          58   16.052771963866647     
          59   15.932938765093683     
          60   15.814321089131495     
          61   15.696942187591342     
          62   15.580827057454909     
          63   15.466002604330219     
          64   15.352497822973065     
          65   15.240343996942489     
          66   15.129574919424950     
          67   15.020227137424838     
          68   14.912340221670695     
          69   14.805957064713933     
          70   14.701124209783558     
          71   14.597892212981465     
          72   14.496316041325715     
          73   14.396455508929835     
          74   14.298375753186587     
          75   14.202147752127615     
          76   14.107848883059090     
          77   14.015563521003550     
          78   13.925383673256762     
          79   13.837409643312826     
          80   13.751750713306775     
          81   13.668525828740604     
          82   13.587864262357192     
          83   13.509906225405235     
          84   13.434803384079524     
          85   13.362719226684288     
          86   13.293829213409436     
          87   13.228320626343891     
          88   13.166392023931532     
          89   13.108252193780434     
          90   13.054118493774865     
          91   13.004214477897102     
          92   12.958766724649523     
          93   12.918000826804056     
          94   12.882136564141241     
          95   12.851382365304115     
          96   12.825929265213295     
          97   12.805944668753158     
          98   12.791566321868915     
          99   12.782896946829014     
         100   12.779999999999999     
         101   12.780916973493737     
         102   12.783667989935088     
         103   12.788253336841905     
         104   12.794673492202188     
         105   12.802929122662068     
         106   12.813021080990959     
         107   12.824950402824946     
         108   12.838718302691404     
         109   12.854326169317511     
         110   12.871775560226574     
         111   12.891068195627122     
         112   12.912205951600603     
         113   12.935190852594797     
         114   12.960025063231788     
         115   12.986710879440338     
         116   13.015250718925126     
         117   13.045647110986355     
         118   13.077902685706402     
         119   13.112020162521601     
         120   13.148002338200971     
         121   13.185852074254830     
         122   13.225572283801251     
         123   13.267165917919248     
         124   13.310635951522579     
         125   13.355985368790204     
         126   13.403217148193274     
         127   13.452334247162128     
         128   13.503339586439861     
         129   13.556236034172901     
         130   13.611026389791734     
         131   13.667713367738861     
         132   13.726299581103971     
         133   13.786787525228769     
         134   13.849179561346388     
         135   13.913477900324169     
         136   13.979684586577839     
         137   14.047801482229117     
         138   14.117830251577971     
         139   14.189772345962721     
         140   14.263628989079679     
         141   14.339401162834962     
         142   14.417089593798810     
         143   14.496694740331192     
         144   14.578216780445661     
         145   14.661655600474413     
         146   14.747010784594755     
         147   14.834281605272617     
         148   14.923467014673461     
         149   15.014565637086724     
         150   15.107575762402906     
         151   15.202495340677315     
         152   15.299321977807013     
         153   15.398052932341033     
         154   15.498685113436981     
         155   15.601215079969794     
         156   15.705639040790594     
         157   15.811952856127482     
         158   15.920152040111610     
         159   16.030231764406150     
         160   16.142186862907764     
         161   16.256011837485353     
         162   16.371700864713102     
         163   16.489247803550807     
         164   16.608646203919029     
         165   16.729889316111233     
         166   16.852970100983057     
         167   16.977881240853726     
         168   17.104615151053473     
         169   17.233163992047903     
         170   17.363519682069274     
         171   17.495673910184731     
         172   17.629618149729591     
         173   17.765343672035939     
         174   17.902841560387735     
         175   18.042102724133972     
         176   18.183117912894883     
         177   18.325877730797021     
         178   18.470372650678630     
         179   18.616593028205660     
         180   18.764529115846681     
         181   18.914171076655325     
         182   19.065508997814025     
         183   19.218532903896499     
         184   19.373232769810826     
         185   19.529598533387905     
         186   19.687620107584831     
         187   19.847287392277366     
         188   20.008590285617416     
         189   20.171518694937614     
         190   20.336062547186625     
         191   20.502211798884293     
         192   20.669956445586497     
         193   20.839286530855397     
         194   21.010192154731453     
         195   21.182663481707255     
         196   21.356690748205832     
         197   21.532264269567257     
         198   21.709374446551308     
         199   21.888011771363150     
