           0   12.955375402596728     
           1   12.835885134983830     
           2   12.717507216300099     
           3   12.600256538461871     
           4   12.484148745584495     
           5   12.369200274312712     
           6   12.255428395971133     
           7   12.142851260521034     
           8   12.031487942286526     
           9   11.921358487383525     
          10   11.812483962751214     
          11   11.704886506643009     
          12   11.598589380385521     
          13   11.493617021155442     
          14   11.389995095455712     
          15   11.287750552894211     
          16   11.186911679775305     
          17   11.087508151911139     
          18   10.989571085939387     
          19   10.893133088300226     
          20   10.798228300875410     
          21   10.704892442125864     
          22   10.613162842383529     
          23   10.523078471757545     
          24   10.434679958907937     
          25   10.348009598725030     
          26   10.263111346734558     
          27   10.180030797835000     
          28   10.098815146773504     
          29   10.019513127591669     
          30   9.9421749291378507     
          31   9.8668520836639200     
          32   9.7935973255224074     
          33   9.7224644170760275     
          34   9.6535079391476390     
          35   9.5867830436990147     
          36   9.5223451669517392     
          37   9.4602497018699125     
          38   9.4005516298248217     
          39   9.3433051123549600     
          40   9.2885630452118324     
          41   9.2363765783144576     
          42   9.1867946067800421     
          43   9.1398632397919837     
          44   9.0956252556290078     
          45   9.0541195526159619     
          46   9.0153806069626352     
          47   8.9794379493242023     
          48   8.9463156723457899     
          49   8.9160319813588149     
          50   8.8885987997244094     
          51   8.8640214390503616     
          52   8.8422983426684389     
          53   8.8234209084205713     
          54   8.8073733940777075     
          55   8.7941329057514341     
          56   8.7836694666216726     
          57   8.7759461603646098     
          58   8.7709193409772901     
          59   8.7685388983704211     
          60   8.7687485671517678     
          61   8.7714862641542304     
          62   8.7766844367337313     
          63   8.7842703859443727     
          64   8.7941663013132150     
          65   8.8045652975840643     
          66   8.8189386009674386     
          67   8.8353760025570161     
          68   8.8537677586627108     
          69   8.8740160690460641     
          70   8.8960202141535820     
          71   8.9196760579803112     
          72   8.9448758733267830     
          73   8.9715081481179144     
          74   8.9994573280586678     
          75   9.0286034869254568     
          76   9.0588219241368062     
          77   9.0899826929086398     
          78   9.1219500652598136     
          79   9.1545819434566447     
          80   9.1877292316416490     
          81   9.2212351867144289     
          82   9.2549347743019830     
          83   9.2886540641042625     
          84   9.3222097091631682     
          85   9.3554085656322190     
          86   9.3880475230747695     
          87   9.4199136293821670     
          88   9.4507846076307853     
          89   9.4804298723114258     
          90   9.5086121561578789     
          91   9.5350898521849903     
          92   9.5596201539105650     
          93   9.5819630357515262     
          94   9.6018860525071705     
          95   9.6191698522468805     
          96   9.6336141964844746     
          97   9.6450441771675184     
          98   9.6533162295196373     
          99   9.6583234841215972     
         100   9.6600000000000001     
         101   9.6550237904971894     
         102   9.6401901307587003     
         103   9.6157789646234093     
         104   9.5822408990401371     
         105   9.5401751881230066     
         106   9.4903024867954642     
         107   9.4334352916267186     
         108   9.3704489696480007     
         109   9.3022558292461532     
         110   9.2297839480558856     
         111   9.1539616329317699     
         112   9.0757076217488848     
         113   8.9959265535367958     
         114   8.9155088596049765     
         115   8.8353340290507063     
         116   8.7562761107819149     
         117   8.6792102600830656     
         118   8.6050190646911826     
         119   8.5345972644486032     
         120   8.4688533189746771     
         121   8.4087061385649520     
         122   8.3550752941748954     
         123   8.3088633392710705     
         124   8.3905076706885389     
         125   8.4864860534260647     
         126   8.5846256049249927     
         127   8.6848479605629638     
         128   8.7870808774717997     
         129   8.8912577704479983     
         130   8.9973172699767900     
         131   9.1052028053404594     
         132   9.2148622143635865     
         133   9.3262473802984225     
         134   9.4393138955947240     
         135   9.5540207517675864     
         136   9.6703300542204751     
         137   9.7882067606579124     
         138   9.9076184415980180     
         139   10.028535061443716     
         140   10.150928778571991     
         141   10.274773762937802     
         142   10.400046029750619     
         143   10.526723287858072     
         144   10.647202116798095     
         145   10.692584858737680     
         146   10.738987437574769     
         147   10.786409853309390     
         148   10.834852105941525     
         149   10.884314195471184     
         150   10.934796121898362     
         151   10.986297885223031     
         152   11.038819485445272     
         153   11.092360922564998     
         154   11.146922196582260     
         155   11.202503307497008     
         156   11.259104255309300     
         157   11.316725040019119     
         158   11.375365661626432     
         159   11.435026120131285     
         160   11.575162223554775     
         161   11.722815360088129     
         162   11.871214930605534     
         163   12.020252512989291     
         164   12.169814478177745     
         165   12.319780729466622     
         166   12.470023472355523     
         167   12.620406052709150     
         168   12.770781922803145     
         169   12.920993821917435     
         170   13.070873290065560     
         171   13.220240668161626     
         172   13.368905770874445     
         173   13.516669441580527     
         174   13.663326200160579     
         175   13.808668158467276     
         176   13.952490289191690     
         177   14.094596981083276     
         178   14.234809600687395     
         179   14.372974534563332     
         180   14.508970959360457     
         181   14.642717451322451     
         182   14.774176568331484     
         183   14.903356747525935     
         184   15.030311231750618     
         185   15.155134182072089     
         186   15.277954536017646     
         187   15.398928433241572     
         188   15.518231105821091     
         189   15.636049034999504     
         190   15.752572969299379     
         191   15.867992152991183     
         192   15.982489888396175     
         193   16.096240384549464     
         194   16.209406737815847     
         195   16.322139839843455     
         196   16.434577999774071     
         197   16.546847085035594     
         198   16.659061015247385     
         199   16.771322477654568     
