           0   21.694888453357922     
           1   21.490807113991512     
           2   21.287464019342281     
           3   21.084868191407057     
           4   20.883029034143881     
           5   20.681956355810311     
           6   20.481660393318819     
           7   20.282151838806669     
           8   20.083441868640843     
           9   19.885542175104217     
          10   19.688465001037084     
          11   19.492223177740936     
          12   19.296830166489016     
          13   19.102300104029077     
          14   18.908647852513102     
          15   18.715889054343080     
          16   18.524040192484218     
          17   18.333118656869900     
          18   18.143142817604019     
          19   17.954132105761225     
          20   17.766107102694640     
          21   17.579089638884980     
          22   17.393102903508588     
          23   17.208171566068827     
          24   17.024321911624408     
          25   16.841581991370006     
          26   16.659981790576669     
          27   16.479553416192893     
          28   16.300331306742727     
          29   16.122352467543053     
          30   15.945656734705672     
          31   15.770287071893000     
          32   15.596289904370236     
          33   15.423715495542940     
          34   15.252618371889174     
          35   15.083057802990655     
          36   14.915098344224427     
          37   14.748810450578311     
          38   14.584271170959106     
          39   14.421564933210329     
          40   14.260784430740559     
          41   14.102031622027274     
          42   13.945418854061616     
          43   13.791070119685997     
          44   13.639122456239365     
          45   13.489727488249303     
          46   13.343053109115283     
          47   13.199285284507079     
          48   13.058629941882993     
          49   12.921314884095521     
          50   12.787591628255678     
          51   12.657737021771570     
          52   12.532054424518179     
          53   12.410874170311034     
          54   12.294552937200013     
          55   12.183471576209456     
          56   12.078030893150572     
          57   11.978644880323570     
          58   11.885730995977772     
          59   11.799697331787716     
          60   11.720926917727954     
          61   11.649759972049322     
          62   11.586475526495192     
          63   11.531274385514619     
          64   11.484265615483260     
          65   11.445458544110771     
          66   11.414761545289604     
          67   11.391987830810329     
          68   11.376867350035518     
          69   11.369063023246243     
          70   11.368189114054518     
          71   11.373829617106475     
          72   11.385554979029660     
          73   11.402936087346907     
          74   11.425555070288947     
          75   11.453012931752497     
          76   11.484934356252010     
          77   11.520970169942066     
          78   11.560797974568315     
          79   11.604121425767394     
          80   11.650668542381078     
          81   11.700189334530011     
          82   11.752452938923772     
          83   11.807244355035198     
          84   11.864360783309026     
          85   11.923607468954708     
          86   11.984792838742351     
          87   12.047722562151925     
          88   12.112191937392012     
          89   12.177975638741199     
          90   12.244813263528542     
          91   12.312388108703457     
          92   12.380294883652923     
          93   12.447989128757744     
          94   12.514706278190415     
          95   12.579331274661394     
          96   12.640193444070874     
          97   12.694773729269208     
          98   12.739405313646122     
          99   12.769347354383534     
         100   12.779999999999999     
         101   12.771658540062843     
         102   12.748935264585196     
         103   12.716955617704910     
         104   12.680772524681032     
         105   12.644050630077782     
         106   12.609079431832553     
         107   12.577163650411553     
         108   12.548974766827563     
         109   12.524792660798385     
         110   12.504660189147081     
         111   12.488480817216752     
         112   12.476080485157699     
         113   12.467246871850870     
         114   12.461754111142355     
         115   12.459377999340711     
         116   12.459904945750802     
         117   12.463136819982173     
         118   12.468893144941433     
         119   12.477011615087761     
         120   12.487347599605934     
         121   12.499773069765318     
         122   12.514175237828793     
         123   12.530455090826379     
         124   12.548525932016370     
         125   12.568311995797670     
         126   12.589747171002470     
         127   12.612773847771367     
         128   12.637341890994701     
         129   12.663407736084732     
         130   12.690933598897114     
         131   12.719886789770525     
         132   12.750239121111425     
         133   12.781966398191090     
         134   12.815047983503566     
         135   12.849466425938626     
         136   12.885207147013906     
         137   12.922258177407935     
         138   12.960609937990542     
         139   13.000255060439599     
         140   13.041188243352803     
         141   13.083406140510339     
         142   13.126907278625776     
         143   13.171692002544747     
         144   13.217762446425182     
         145   13.265122529967956     
         146   13.313777979274253     
         147   13.363736372393909     
         148   13.415007210107394     
         149   13.467602012960342     
         150   13.521534446050337     
         151   13.576820473554761     
         152   13.633478545488321     
         153   13.691529819685730     
         154   13.750998422511984     
         155   13.811911752289340     
         156   13.874300829869608     
         157   13.938200701121550     
         158   14.003650896273333     
         159   14.070695950937383     
         160   14.139385993092620     
         161   14.209777399078355     
         162   14.281933519456771     
         163   14.355925472006895     
         164   14.431832993578016     
         165   14.509745334372409     
         166   14.589762166645796     
         167   14.671994463949174     
         168   14.756565286125815     
         169   14.843610378938616     
         170   14.933278465918882     
         171   15.025731075858102     
         172   15.121141716878551     
         173   15.219694185248590     
         174   15.321579796110568     
         175   15.426993359489357     
         176   15.536127814294471     
         177   15.649167586007650     
         178   15.766280946716845     
         179   15.915182773429876     
         180   16.086154383939217     
         181   16.258223839115413     
         182   16.431388895250194     
         183   16.605647251835254     
         184   16.780996706307633     
         185   16.957435148832687     
         186   17.134960557414473     
         187   17.313570993310790     
         188   17.493264596730295     
         189   17.674039582792979     
         190   17.855894237734905     
         191   18.038826915340419     
         192   18.222836033586649     
         193   18.407920071485453     
         194   18.594077566109444     
         195   18.781307109790500     
         196   18.969607347478274     
         197   19.158976974249374     
         198   19.349414732956241     
         199   19.540919412007685     
