           0   4.5765259600550872     
           1   4.5698706016024229     
           2   4.5638485467467298     
           3   4.5584446284771225     
           4   4.5536428952327768     
           5   4.5494265717191258     
           6   4.5457780179599334     
           7   4.5426786865965303     
           8   4.5401090784688787     
           9   4.5380486965413969     
          10   4.5364759982714054     
          11   4.5353683465592534     
          12   4.5347019594676077     
          13   4.5344518589565102     
          14   4.5345918189470362     
          15   4.5350943131064225     
          16   4.5359304628379080     
          17   4.5370699860627504     
          18   4.5384811475007032     
          19   4.5401307112888780     
          20   4.5419838969278565     
          21   4.5440043397095211     
          22   4.5461540569606651     
          23   4.5483934216312303     
          24   4.5506811449610245     
          25   4.5529742701730553     
          26   4.5552281793572771     
          27   4.5573966159205570     
          28   4.5594317251766077     
          29   4.5612841158214863     
          30   4.5629029451728362     
          31   4.5642360311255761     
          32   4.5652299937752776     
          33   4.5658304295598811     
          34   4.5659821205493660     
          35   4.5656292811467880     
          36   4.5647158439331585     
          37   4.5631857856738982     
          38   4.5609834935969520     
          39   4.5580541709482354     
          40   4.5543442795422235     
          41   4.5498020155789414     
          42   4.5443778134377988     
          43   4.5380248705460930     
          44   4.5306996848354038     
          45   4.5223625948385209     
          46   4.5129783112467194     
          47   4.5025164278510186     
          48   4.4909518993307396     
          49   4.4782654734103913     
          50   4.4644440655366520     
          51   4.4494810654458847     
          52   4.4333765667741973     
          53   4.4161375131328144     
          54   4.3977777567186314     
          55   4.3783180284050740     
          56   4.3577858211929064     
          57   4.3362151917196670     
          58   4.3136464870651592     
          59   4.2901260062086077     
          60   4.2657056070874919     
          61   4.2404422712181580     
          62   4.2143976382487285     
          63   4.1876375226542581     
          64   4.1602314241134879     
          65   4.1322520420164128     
          66   4.1037748031447032     
          67   4.0748774099523724     
          68   4.0456394151545174     
          69   4.0161418266023405     
          70   3.9864667447579234     
          71   3.9566970335426337     
          72   3.9269160239595049     
          73   3.8972072487072822     
          74   3.8676542050223630     
          75   3.8383401422065884     
          76   3.8093478697145549     
          77   3.7807595812745691     
          78   3.7526566902877354     
          79   3.7251196716779162     
          80   3.6982279054400440     
          81   3.6720595173453301     
          82   3.6466912126048650     
          83   3.6221980987602529     
          84   3.5986534946604816     
          85   3.5761287230920820     
          86   3.5546928854496920     
          87   3.5344126177574826     
          88   3.5153518283628369     
          89   3.4975714187026332     
          90   3.4811289896623694     
          91   3.4660785371748841     
          92   3.4524701418009407     
          93   3.4403496580500508     
          94   3.4297584100691845     
          95   3.4207329009217182     
          96   3.4133045427415718     
          97   3.4074994141669857     
          98   3.4033380494010874     
          99   3.4008352610722548     
         100   3.3999999999999999     
         101   3.4023247205449447     
         102   3.4092837766501329     
         103   3.4208323812578949     
         104   3.4368976111819420     
         105   3.4573808450308219     
         106   3.4821609074936344     
         107   3.5110976957103590     
         108   3.5440360524648673     
         109   3.5808096647172745     
         110   3.6212447986325476     
         111   3.6651637261547649     
         112   3.7123877457802261     
         113   3.7627397453252813     
         114   3.8160462930031374     
         115   3.8721392729200468     
         116   3.9308571017932588     
         117   3.9920455760928211     
         118   4.0555584043855211     
         119   4.1212574801091257     
         120   4.1890129469518493     
         121   4.2587031038408059     
         122   4.3302141903344618     
         123   4.4034400867452561     
         124   4.4782819571031762     
         125   4.5546478574134870     
         126   4.6324523267109381     
         127   4.7116159742118349     
         128   4.7920650723895504     
         129   4.8737311629848250     
         130   4.9565506807277844     
         131   5.0404645978073486     
         132   5.1151219979864200     
         133   5.2011993468818725     
         134   5.2882158063241915     
         135   5.3761274892697264     
         136   5.4648936093717415     
         137   5.5544762577322047     
         138   5.6448401991323900     
         139   5.7359526863419097     
         140   5.8277832910931107     
         141   5.9203037503305520     
         142   6.0133612822470743     
         143   6.1069331980767156     
         144   6.2011284447926087     
         145   6.2959259224011115     
         146   6.3913061239504012     
         147   6.4872510467760023     
         148   6.5837441113939050     
         149   6.6807700871325100     
         150   6.7783150237159449     
         151   6.8763661881054601     
         152   6.9749120059830165     
         153   7.0739420073283101     
         154   7.1734467755999844     
         155   7.2734179000853132     
         156   7.3738479310314773     
         157   7.4747303372157052     
         158   7.5760594656524685     
         159   7.6778305031725003     
         160   7.7800394396429420     
         161   7.8826830326279982     
         162   7.9857587733182713     
         163   8.0892648535818754     
         164   8.1932001340137770     
         165   8.2975641128800870     
         166   8.4023568958731243     
         167   8.5075791666089309     
         168   8.6132321578138793     
         169   8.7193176231596929     
         170   8.8258378097171466     
         171   8.9327954310085058     
         172   9.0401936406465762     
         173   9.1480360065553032     
         174   9.2563264857719521     
         175   9.3650693998358587     
         176   9.4742694107715426     
         177   9.5839314976769483     
         178   9.6940609339288351     
         179   9.8046632650184513     
         180   9.9157442870310657     
         181   10.027310025782114     
         182   10.139366716622801     
         183   10.251920784926162     
         184   10.364978827263471     
         185   10.478547593279396     
         186   10.592633968271914     
         187   10.707244956481576     
         188   10.822387665092176     
         189   10.938069288943009     
         190   11.054297095950695     
         191   11.171078413236543     
         192   11.288420613953164     
         193   11.406331104802412     
         194   11.524817314234776     
         195   11.643886681318561     
         196   11.763546645265649     
         197   11.883804635599351     
         198   12.004668062948475     
         199   12.126144310450394     
         200   12.248240697899455     
         201   12.214527340918018     
         202   12.170738825878770     
         203   12.115644256833143     
         204   12.050791295861218     
         205   11.977202813729679     
         206   11.895732486852930     
         207   11.807194673275381     
         208   11.712370997399567     
         209   11.611997632504940     
         210   11.506754305987879     
         211   11.397258525978231     
         212   11.284064492434670     
         213   11.167665325154333     
         214   11.048497308090360     
         215   10.926945150031646     
         216   10.803347574748694     
         217   10.678002809307934     
         218   10.551173725463892     
         219   10.423092514904864     
         220   10.293964859079376     
         221   10.163973601968239     
         222   10.033281960288893     
         223   9.9020363180875517     
         224   9.7703686568900689     
         225   9.6383986721169617     
         226   9.5062356235974050     
         227   9.3739799641578756     
         228   9.2417247862696374     
         229   9.1095571231232295     
         230   8.9775591375608261     
         231   8.8458092302365472     
         232   8.7143830973384144     
         233   8.5833547683565392     
         234   8.4527976559176707     
         235   8.3227856529190003     
         236   8.1933943174933415     
         237   8.0647021943289712     
         238   7.9367923324120566     
         239   7.8097540755962482     
         240   7.6836852252996897     
         241   7.5586947065886747     
         242   7.4349059134725044     
         243   7.3124609713386821     
         244   7.1915262408475655     
         245   7.0722995071261074     
         246   6.9550194614343255     
         247   6.8399783001853400     
         248   6.7275385422687810     
         249   6.6181554802260161     
         250   6.5124069486318978     
         251   6.4110320704239721     
         252   6.3149797399419754     
         253   6.2254645692939459     
         254   6.1440206161361797     
         255   6.0725285544564542     
         256   6.0131698180375768     
         257   5.9682434755579781     
         258   5.9398034361910668     
         259   5.9291760499440089     
         260   5.9365659170611114     
         261   5.9609884091137166     
         262   6.0005751172955391     
         263   6.0530568481080982     
         264   6.1161825180386122     
         265   6.1879622020433498     
         266   6.2667518971652978     
         267   6.3512440595864410     
         268   6.4404184484207736     
         269   6.5334846678577803     
         270   6.6298301737958907     
         271   6.7289778873632491     
         272   6.8305533264562310     
         273   6.9342597254865144     
         274   7.0398593889666090     
         275   7.1471597389743327     
         276   7.2560028343655443     
         277   7.3662574354590751     
         278   7.4778129262544715     
         279   7.5905745857253546     
         280   7.7044598295565985     
         281   7.8193951343178441     
         282   7.9353134160086025     
         283   8.0521516698062996     
         284   8.1698486901476564     
         285   8.2883426787212571     
         286   8.4075685062598975     
         287   8.5274543078464422     
         288   8.6479169315740165     
         289   8.7688554665214440     
         290   8.8901415087842821     
         291   9.0116035456959214     
         292   9.1329978984544748     
         293   9.2537325778175124     
         294   9.2384952152807998     
         295   9.2044550810447632     
         296   9.1725591366317332     
         297   9.1443730028579857     
         298   9.1231976431128228     
         299   9.1162863602725679     
         300   9.1365825485426377     
         301   9.0224245558266318     
         302   8.9094138796203524     
         303   8.7975505199237602     
         304   8.6868344767368928     
         305   8.5772657500597500     
         306   8.4688443398922999     
         307   8.3615702462345229     
         308   8.2554434690864849     
         309   8.1504640084481608     
         310   8.0466318643195542     
         311   7.9439470367006173     
         312   7.8424095255914219     
         313   7.7420193309919201     
         314   7.6427764529021474     
         315   7.5446808913220380     
         316   7.4477326462516862     
         317   7.3519317176910270     
         318   7.2572781056400721     
         319   7.1637718100988037     
         320   7.0714128310672866     
         321   6.9802011685454683     
         322   6.8901368225333481     
         323   6.8012197930309384     
         324   6.7134500800382160     
         325   6.6268276835552342     
         326   6.5413526035819478     
         327   6.4570248401183807     
         328   6.3738443931644948     
         329   6.2918112627203469     
         330   6.2109254487858987     
         331   6.1311869513611592     
         332   6.0525957704461133     
         333   5.9751519060408045     
         334   5.8988553581451724     
         335   5.8237061267592738     
         336   5.7497042118830741     
         337   5.6768496135165805     
         338   5.6051423316597857     
         339   5.5345823663127094     
         340   5.4651697174753586     
         341   5.3969043851476997     
         342   5.3297863693297485     
         343   5.2638156700215069     
         344   5.1989922872229606     
         345   5.1353162209341443     
         346   5.0727874711550385     
         347   5.0114060378856227     
         348   4.9511719211259262     
         349   4.8920851208759375     
         350   4.8341456371356442     
         351   4.7773534699050932     
         352   4.7217086191842315     
         353   4.6672110849730783     
         354   4.6138608672716286     
         355   4.5616579660798902     
         356   4.5106023813978569     
         357   4.4606941132255322     
         358   4.4119331615629216     
         359   4.3643195264100161     
         360   4.3178532077668264     
         361   4.2725342056333329     
         362   4.2283625200095498     
         363   4.1853381508954861     
         364   4.1434610982911231     
         365   4.1027313621964696     
         366   4.0631489426115222     
         367   4.0247138395362860     
         368   4.0017252882682479     
         369   3.9861056534536554     
         370   3.9697994031257360     
         371   3.9529220229901094     
         372   3.9355755827824312     
         373   3.9178486417894214     
         374   3.8998162043415237     
         375   3.8815396612517827     
         376   3.8630666672084777     
         377   3.8444309186994627     
         378   3.8256518142778924     
         379   3.8067340022516691     
         380   3.7876668553775437     
         381   3.7684239654841929     
         382   3.7489628337649377     
         383   3.7292250583514455     
         384   3.7091375042344517     
         385   3.6886151906555429     
         386   3.6675669361458469     
         387   3.6459051008260772     
         388   3.6235609081815352     
         389   3.6005065352588712     
         390   3.5767840461029454     
         391   3.5525389912558349     
         392   3.5280532421134825     
         393   3.5037683972387468     
         394   3.4802897780050310     
         395   3.4583633853485289     
         396   3.4388242704381962     
         397   3.4225222814151781     
         398   3.4102368306152431     
         399   3.4025942677756418     
