           0  -1.1021205336898054     
           1  -1.1057782107442431     
           2  -1.1089613854193781     
           3  -1.1116713193839842     
           4  -1.1139092896139355     
           5  -1.1156765915769122     
           6  -1.1169745425875401     
           7  -1.1178044853382234     
           8  -1.1181677916114299     
           9  -1.1180658661796119     
          10  -1.1175001508992304     
          11  -1.1164721290058086     
          12  -1.1149833296176781     
          13  -1.1130353324561413     
          14  -1.1106297727908296     
          15  -1.1077683466193180     
          16  -1.1044528160908542     
          17  -1.1006850151848651     
          18  -1.0964668556553165     
          19  -1.0918003332534079     
          20  -1.0866875342411741     
          21  -1.0811306422104201     
          22  -1.0751319452213586     
          23  -1.0686938432773441     
          24  -1.0618188561524560     
          25  -1.0545096315902278     
          26  -1.0467689538928839     
          27  -1.0385997529217477     
          28  -1.0300051135308359     
          29  -1.0209882854568519     
          30  -1.0115526936905659     
          31  -1.0017019493555470     
          32 -0.99143986112223315     
          33 -0.98077044718631556     
          34 -0.96969794784243946     
          35 -0.95822683868543168     
          36 -0.94636184447280136     
          37 -0.93410795368404742     
          38 -0.92147043381325378     
          39 -0.90845484743310079     
          40 -0.89506706906950506     
          41 -0.88131330292698240     
          42 -0.86720010150573801     
          43 -0.85273438515168276     
          44 -0.83792346258091810     
          45 -0.82277505241947202     
          46 -0.80729730579827086     
          47 -0.79149883004141464     
          48 -0.77538871348332450     
          49 -0.75897655144653076     
          50 -0.74227247340711100     
          51 -0.72528717136822807     
          52 -0.70803192945424065     
          53 -0.69051865472773333     
          54 -0.67275990921903694     
          55 -0.65476894314291545     
          56 -0.63655972925829463     
          57 -0.61814699830503927     
          58 -0.59954627542537298     
          59 -0.58077391744656282     
          60 -0.56184715086528059     
          61 -0.54278411033154761     
          62 -0.52360387738152325     
          63 -0.50432651911211057     
          64 -0.48497312642636420     
          65 -0.46556585140645090     
          66 -0.44612794328940436     
          67 -0.42668378243069210     
          68 -0.40725891154106431     
          69 -0.38788006337354552     
          70 -0.36857518392132171     
          71 -0.34937345006340492     
          72 -0.33030528046744673     
          73 -0.31140233842867154     
          74 -0.29269752519609260     
          75 -0.27422496221630660     
          76 -0.25601996061767257     
          77 -0.23811897617156857     
          78 -0.22055954791198717     
          79 -0.20338021858021796     
          80 -0.18662043510028051     
          81 -0.17032042739526679     
          82 -0.15452106403828972     
          83 -0.13926368350627200     
          84 -0.12458990018212920     
          85 -0.11054138473807577     
          86  -9.7159619134505534E-002
          87  -8.4485627182231279E-002
          88  -7.2559682431652367E-002
          89  -6.1420996051684523E-002
          90  -5.1107388315749992E-002
          91  -4.1654948283037722E-002
          92  -3.3097687203343905E-002
          93  -2.5467192026878555E-002
          94  -1.8792286107402075E-002
          95  -1.3098704687647195E-002
          96  -8.4087929950515620E-003
          97  -4.7412347087869263E-003
          98  -2.1108181582188846E-003
          99  -5.2824686858423970E-004
         100   1.1084904331365439E-017
         101  -1.7215528990157337E-003
         102  -6.8709967447817787E-003
         103  -1.5403228259628270E-002
         104  -2.7244834992620454E-002
         105  -4.2296585317241849E-002
         106  -6.0436637315021018E-002
         107  -8.1524235720548205E-002
         108 -0.10540365525711602     
         109 -0.13190816342249337     
         110 -0.16086380988646745     
         111 -0.19209289519393949     
         112 -0.22541702060579624     
         113 -0.26065966729509238     
         114 -0.29764829250075941     
         115 -0.33621596053023223     
         116 -0.37620254737137249     
         117 -0.41745557001891254     
         118 -0.45983069699373325     
         119 -0.50319199670655090     
         120 -0.54741197696756561     
         121 -0.59237146349070346     
         122 -0.63795935878900811     
         123 -0.68407231618708131     
         124 -0.73061435730678059     
         125 -0.77749645560939529     
         126 -0.82463610354689509     
         127 -0.87195687662150378     
         128 -0.91938800414605548     
         129 -0.96686395366762512     
         130  -1.0143240337789092     
         131  -1.0617120183027791     
         132  -1.1089757935115467     
         133  -1.1560670290525392     
         134  -1.2029408725316184     
         135  -1.2495556671930659     
         136  -1.2958726917872214     
         137  -1.3418559214914538     
         138  -1.3874718086190341     
         139  -1.4326890817878002     
         140  -1.4774785622077180     
         141  -1.5218129957689204     
         142  -1.5656668996580667     
         143  -1.6090164222939347     
         144  -1.6518392154431270     
         145  -1.6941143174549371     
         146  -1.7358220466302661     
         147  -1.7769439038179597     
         148  -1.8174624834052548     
         149  -1.8573613919402825     
         150  -1.8966251736914068     
         151  -1.9352392425100515     
         152  -1.9731898194218083     
         153  -2.0104638754232673     
         154  -2.0470490790110500     
         155  -2.0829337480135917     
         156  -2.1181068053373018     
         157  -2.1525577382747043     
         158  -2.1862765610566210     
         159  -2.2192537803592756     
         160  -2.2514803635059399     
         161  -2.2829477091264470     
         162  -2.3136476200604967     
         163  -2.3435722783110591     
         164  -2.3727142218717949     
         165  -2.4010663232693443     
         166  -2.4286217696758570     
         167  -2.4553740444601622     
         168  -2.4813169100589745     
         169  -2.5064443920589565     
         170  -2.5307507643918630     
         171  -2.5542305355523598     
         172  -2.5768784357574277     
         173  -2.5986894049722462     
         174  -2.6196585817352411     
         175  -2.6397812927200657     
         176  -2.6590530429775017     
         177  -2.6774695068063608     
         178  -2.6950265192051805     
         179  -2.7117200678619606     
         180  -2.7275462856418602     
         181  -2.7425014435366579     
         182  -2.7565819440425128     
         183  -2.7697843149352059     
         184  -2.7821052034148339     
         185  -2.7935413705939451     
         186  -2.8040896863052813     
         187  -2.8137471242069969     
         188  -2.8225107571654502     
         189  -2.8303777528962102     
         190  -2.8373453698469380     
         191  -2.8434109533052885     
         192  -2.8485719317176832     
         193  -2.8528258132052349     
         194  -2.8561701822637153     
         195  -2.8586026966367264     
         196  -2.8601210843504639     
         197  -2.8607231409001996     
         198  -2.8604067265797073     
         199  -2.8591697639438962     
         200  -2.8505951599838784     
         201  -2.8519287837546643     
         202  -2.8546063567971585     
         203  -2.8586136972181597     
         204  -2.8639278386199463     
         205  -2.8705156908747180     
         206  -2.8783323561911556     
         207  -2.8873193193946696     
         208  -2.8974030346836805     
         209  -2.9084948657257788     
         210  -2.9204935911639329     
         211  -2.9332910900654721     
         212  -2.9467800083249394     
         213  -2.9608603680560983     
         214  -2.9754423957980731     
         215  -2.9904453906071500     
         216  -3.0057946150912507     
         217  -3.0214182790743571     
         218  -3.0372455673677967     
         219  -3.0532057207433354     
         220  -3.0692278241368105     
         221  -3.0852409651816881     
         222  -3.1011745412473712     
         223  -3.1169585959376689     
         224  -3.1325241312597449     
         225  -3.1478033767626359     
         226  -3.1627300136844587     
         227  -3.1772393591220025     
         228  -3.1912685174549740     
         229  -3.2047565063386831     
         230  -3.2176443638065058     
         231  -3.2298752419864050     
         232  -3.2413944918885491     
         233  -3.2521497427592574     
         234  -3.2620909786457779     
         235  -3.2711706140796526     
         236  -3.2793435701473723     
         237  -3.2865673516694387     
         238  -3.2928021257391240     
         239  -3.2980108014755318     
         240  -3.3021591105147707     
         241  -3.3052156874973511     
         242  -3.3071521496076155     
         243  -3.3079431740799206     
         244  -3.3075665725081951     
         245  -3.3060033607779959     
         246  -3.3032378234823083     
         247  -3.2992575717806720     
         248  -3.2940535938122562     
         249  -3.2876202969708741     
         250  -3.2799555415863808     
         251  -3.2710606658244923     
         252  -3.2609405019047779     
         253  -3.2496033840361824     
         254  -3.2370611487680594     
         255  -3.2233291287431531     
         256  -3.2084261411080273     
         257  -3.1923744720750031     
         258  -3.1751998593333588     
         259  -3.1569314741664858     
         260  -3.1376019052451598     
         261  -3.1172471461280447     
         262  -3.0959065885095085     
         263  -3.0736230232097821     
         264  -3.0504426508013367     
         265  -3.0264151036091103     
         266  -3.0015934806079549     
         267  -2.9760343964662885     
         268  -2.9497980456455468     
         269  -2.9229482820554491     
         270  -2.8955527142747886     
         271  -2.8676828157664978     
         272  -2.8394140488287465     
         273  -2.8108260002147776     
         274  -2.7820025254042164     
         275  -2.7530318973985572     
         276  -2.7240069546248531     
         277  -2.6950252410500988     
         278  -2.6661891299263969     
         279  -2.6376059207093814     
         280  -2.6093878966422381     
         281  -2.5816523283257915     
         282  -2.5545214063876114     
         283  -2.5281220842502328     
         284  -2.5025858101691760     
         285  -2.4780481264126548     
         286  -2.4546481130018667     
         287  -2.4325276541952610     
         288  -2.4118305082911982     
         289  -2.3927011657549082     
         290  -2.3752834875006794     
         291  -2.3597191246015963     
         292  -2.3461457327492443     
         293  -2.3346950091114129     
         294  -2.3254905950988425     
         295  -2.3186459047695376     
         296  -2.3142619535835216     
         297  -2.3124252741048874     
         298  -2.3132060121241662     
         299  -2.3166562968960998     
         300  -2.3228089717202418     
         301  -2.2999299449869808     
         302  -2.2763606972437262     
         303  -2.2521149981873041     
         304  -2.2272070765208483     
         305  -2.2016516332745919     
         306  -2.1754638551147423     
         307  -2.1486594275845183     
         308  -2.1212545482132463     
         309  -2.0932659394219377     
         310  -2.0647108611443410     
         311  -2.0356071230737478     
         312  -2.0059730964355778     
         313  -1.9758277251758107     
         314  -1.9451905364439621     
         315  -1.9140816502382998     
         316  -1.8825217880688179     
         317  -1.8505322804816631     
         318  -1.8181350732760833     
         319  -1.7853527322324327     
         320  -1.7522084461577259     
         321  -1.7187260280424566     
         322  -1.6849299141114389     
         323  -1.6508451605401324     
         324  -1.6164974375982544     
         325  -1.5819130209744645     
         326  -1.5471187800291186     
         327  -1.5121421627184255     
         328  -1.4770111769316270     
         329  -1.4417543679853995     
         330  -1.4064007920248836     
         331  -1.3709799850918287     
         332  -1.3355219276349262     
         333  -1.3000570042587374     
         334  -1.2646159585341317     
         335  -1.2292298427268269     
         336  -1.1939299623404658     
         337  -1.1587478154185746     
         338  -1.1237150266038580     
         339  -1.0888632760159154     
         340  -1.0542242230765952     
         341  -1.0198294254885061     
         342 -0.98571025365291576     
         343 -0.95189780089954723     
         344 -0.91842278999032301     
         345 -0.88531547645074471     
         346 -0.85260554937370914     
         347 -0.82032203043034113     
         348 -0.78849317190719503     
         349 -0.75714635466713343     
         350 -0.72630798699981325     
         351 -0.69600340538392869     
         352 -0.66625677822509954     
         353 -0.63709101365813292     
         354 -0.60852767250830242     
         355 -0.58058688749179799     
         356 -0.55328728969947594     
         357 -0.52664594335016135     
         358 -0.50067828972015926     
         359 -0.47539810105507763     
         360 -0.45081744515047900     
         361 -0.42694666115097224     
         362 -0.40379434696642036     
         363 -0.38136735854175097     
         364 -0.35967082104717835     
         365 -0.33870815188220155     
         366 -0.31848109521298529     
         367 -0.29898976759183565     
         368 -0.28023271404302841     
         369 -0.26220697384209229     
         370 -0.24490815506792973     
         371 -0.22833051686780159     
         372 -0.21246705824231182     
         373 -0.19730961202628158     
         374 -0.18284894260461512     
         375 -0.16907484574674159     
         376 -0.15597624875166549     
         377 -0.14354130883908675     
         378 -0.13175750735881619     
         379 -0.12061173685575874     
         380 -0.11009037722025002     
         381 -0.10017935591400771     
         382  -9.0864185332399469E-002
         383  -8.2129967320568584E-002
         384  -7.3961349995110948E-002
         385  -6.6342414127077962E-002
         386  -5.9256453332253101E-002
         387  -5.2685590560418848E-002
         388  -4.6610136558894136E-002
         389  -4.1007533382907101E-002
         390  -3.5850620892853451E-002
         391  -3.1104797223687260E-002
         392  -2.6723426144303682E-002
         393  -2.2640778993201771E-002
         394  -1.8762955559550140E-002
         395  -1.4963730396385544E-002
         396  -1.1114432889527260E-002
         397  -7.2115878462296829E-003
         398  -3.5952921874005659E-003
         399  -9.6545668769307974E-004
