           0  -10.037341672573978     
           1  -10.054083585084198     
           2  -10.074195315832499     
           3  -10.097486700296734     
           4  -10.123744573831345     
           5  -10.152740922550958     
           6  -10.184240384780216     
           7  -10.218006721516407     
           8  -10.253808065381671     
           9  -10.291420917241554     
          10  -10.330632974027163     
          11  -10.371244939645880     
          12  -10.413071500666426     
          13  -10.455941650393479     
          14  -10.499698529505430     
          15  -10.544198927168200     
          16  -10.589312559520922     
          17  -10.634921216449154     
          18  -10.680917844628109     
          19  -10.727205615724685     
          20  -10.773697013434077     
          21  -10.820312961328817     
          22  -10.866982004780564     
          23  -10.913639553907792     
          24  -10.960227190079319     
          25  -11.006692035504537     
          26  -11.052986183506572     
          27  -11.099066185899147     
          28  -11.144892593257868     
          29  -11.190429543617379     
          30  -11.235644395118356     
          31  -11.280507398276633     
          32  -11.324991403797796     
          33  -11.369071602157161     
          34  -11.412725291490300     
          35  -11.455931670661904     
          36  -11.498671654696675     
          37  -11.540927710052241     
          38  -11.582683707488648     
          39  -11.623924790540038     
          40  -11.664637257821674     
          41  -11.704808457607893     
          42  -11.744426693300031     
          43  -11.783481138563413     
          44  -11.821961761056672     
          45  -11.859859253802759     
          46  -11.897164973361667     
          47  -11.933870884064659     
          48  -11.969969507654849     
          49  -12.005453877754857     
          50  -12.040317498650628     
          51  -12.074554307937204     
          52  -12.108158642625112     
          53  -12.141125208351276     
          54  -12.173449051378164     
          55  -12.205125533099872     
          56  -12.236150306805589     
          57  -12.266519296477664     
          58  -12.296228677425404     
          59  -12.325274858578373     
          60  -12.353654466280108     
          61  -12.381364329441226     
          62  -12.408401465925152     
          63  -12.434763070052753     
          64  -12.460446501124325     
          65  -12.485449272866944     
          66  -12.509769043725434     
          67  -12.533403607922621     
          68  -12.556350887222049     
          69  -12.578608923333491     
          70  -12.600175870906304     
          71  -12.621049991062323     
          72  -12.641229645423209     
          73  -12.660713290592886     
          74  -12.679499473058037     
          75  -12.697586824474191     
          76  -12.714974057307449     
          77  -12.731659960804665     
          78  -12.747643397267675     
          79  -12.762923298608918     
          80  -12.777498663168624     
          81  -12.791368552774779     
          82  -12.804532090029360     
          83  -12.816988455805424     
          84  -12.828736886941311     
          85  -12.839776674119767     
          86  -12.850107159919910     
          87  -12.859727737032486     
          88  -12.868637846628539     
          89  -12.876836976873474     
          90  -12.884324661578738     
          91  -12.891100478984235     
          92  -12.897164050665747     
          93  -12.902515040561608     
          94  -12.907153154113976     
          95  -12.911078137520711     
          96  -12.914289777093897     
          97  -12.916787898722156     
          98  -12.918572367434379     
          99  -12.919643087062125     
         100  -12.920000000000000     
         101  -12.919524114733088     
         102  -12.918096468528679     
         103  -12.915717090181522     
         104  -12.912386027701590     
         105  -12.908103348342323     
         106  -12.902869138640042     
         107  -12.896683504464818     
         108  -12.889546571082638     
         109  -12.881458483229050     
         110  -12.872419405194270     
         111  -12.862429520919797     
         112  -12.851489034106772     
         113  -12.839598168335993     
         114  -12.826757167199764     
         115  -12.812966294445685     
         116  -12.798225834132378     
         117  -12.782536090797683     
         118  -12.765897389638790     
         119  -12.748310076705012     
         120  -12.729774519103255     
         121  -12.710291105216136     
         122  -12.689860244932980     
         123  -12.668482369894116     
         124  -12.646157933748482     
         125  -12.622887412424648     
         126  -12.598671304415682     
         127  -12.573510131077901     
         128  -12.547404436944159     
         129  -12.520354790050973     
         130  -12.492361782280994     
         131  -12.463426029720083     
         132  -12.433548173029811     
         133  -12.402728877835383     
         134  -12.370968835129474     
         135  -12.338268761692266     
         136  -12.304629400527880     
         137  -12.270051521317562     
         138  -12.234535920890121     
         139  -12.198083423709765     
         140  -12.160694882381840     
         141  -12.122371178176708     
         142  -12.083113221572217     
         143  -12.042921952815298     
         144  -12.001798342502711     
         145  -11.959743392181695     
         146  -11.916758134970799     
         147  -11.872843636201299     
         148  -11.828000994079636     
         149  -11.782231340371419     
         150  -11.735535841107241     
         151  -11.687915697310777     
         152  -11.639372145750109     
         153  -11.589906459711731     
         154  -11.539519949798727     
         155  -11.488213964753058     
         156  -11.435989892302278     
         157  -11.382849160031684     
         158  -11.328793236281857     
         159  -11.273823631072251     
         160  -11.217941897051281     
         161  -11.161149630473378     
         162  -11.103448472203354     
         163  -11.044840108748584     
         164  -10.985326273319341     
         165  -10.924908746917712     
         166  -10.863589359455560     
         167  -10.801369990901661     
         168  -10.738252572458533     
         169  -10.674239087769170     
         170  -10.609331574153940     
         171  -10.543532123877840     
         172  -10.476842885448370     
         173  -10.409266064943939     
         174  -10.340803927373253     
         175  -10.271458798065245     
         176  -10.201233064089767     
         177  -10.130129175708676     
         178  -10.058149647857654     
         179  -9.9852970616575387     
         180  -9.9115740659554881     
         181  -9.8369833788952548     
         182  -9.7615277895158652     
         183  -9.6852101593777782     
         184  -9.6080334242159271     
         185  -9.5300005956185920     
         186  -9.4511147627301977     
         187  -9.3713790939778328     
         188  -9.2907968388183750     
         189  -9.2093713295058350     
         190  -9.1271059828759444     
         191  -9.0440043021458862     
         192  -8.9600698787268573     
         193  -8.8753063940463903     
         194  -8.7897176213773296     
         195  -8.7033074276701683     
         196  -8.6160797753845486     
         197  -8.5280387243162501     
         198  -8.4391884334149037     
         199  -8.3495331625871589     
         200  -8.3148232692353474     
         201  -8.2944463555528731     
         202  -8.3037459275334200     
         203  -8.3255010944225099     
         204  -8.3468628570829466     
         205  -8.3678258575216624     
         206  -8.3883850398881403     
         207  -8.4085356238674560     
         208  -8.4282730917291762     
         209  -8.4475931771203587     
         210  -8.4664918546252768     
         211  -8.4849653299035914     
         212  -8.5030100303436331     
         213  -8.5206225961968105     
         214  -8.5377998721673674     
         215  -8.5545388994358404     
         216  -8.5708369080948543     
         217  -8.5866913099782511     
         218  -8.6020996918645185     
         219  -8.6170598090359913     
         220  -8.6315695791770182     
         221  -8.6456270765934402     
         222  -8.6592305267378933     
         223  -8.6723783010248319     
         224  -8.6850689119203537     
         225  -8.6973010082929232     
         226  -8.7090733710103869     
         227  -8.7203849087709138     
         228  -8.7312346541543651     
         229  -8.7416217598826957     
         230  -8.7515454952770355     
         231  -8.7610052429009446     
         232  -8.7700004953783317     
         233  -8.7785308523765764     
         234  -8.7865960177442606     
         235  -8.7941957967943392     
         236  -8.8013300937237418     
         237  -8.8079989091600286     
         238  -8.8142023378271990     
         239  -8.8199405663222166     
         240  -8.8252138709940553     
         241  -8.8300226159179438     
         242  -8.8343672509573139     
         243  -8.8382483099058362     
         244  -8.8416664087029666     
         245  -8.8446222437158379     
         246  -8.8471165900808977     
         247  -8.8491503000987031     
         248  -8.8507243016755535     
         249  -8.8518395968053589     
         250  -8.8524972600860838     
         251  -8.8526984372641540     
         252  -8.8524443438012028     
         253  -8.8517362634570684     
         254  -8.8505755468833858     
         255  -8.8489636102217535     
         256  -8.8469019337012806     
         257  -8.8443920602293034     
         258  -8.8414355939702656     
         259  -8.8380341989069517     
         260  -8.8341895973791082     
         261  -8.8299035685933465     
         262  -8.8251779471000784     
         263  -8.8200146212315538     
         264  -8.8144155314963424     
         265  -8.8083826689252547     
         266  -8.8019180733637263     
         267  -8.7950238317061391     
         268  -8.7877020760676512     
         269  -8.7799549818887357     
         270  -8.7717847659687163     
         271  -8.7631936844241416     
         272  -8.7541840305682950     
         273  -8.7447581327082133     
         274  -8.7349183518565567     
         275  -8.7246670793548446     
         276  -8.7140067344059222     
         277  -8.7029397615138215     
         278  -8.6914686278287956     
         279  -8.6795958203967167     
         280  -8.6673238433123014     
         281  -8.6546552147757492     
         282  -8.6415924640535415     
         283  -8.6281381283448138     
         284  -8.6142947495548885     
         285  -8.6000648709791783     
         286  -8.5854510339014389     
         287  -8.5704557741105614     
         288  -8.5550816183431930     
         289  -8.5393310806587763     
         290  -8.5232066587572941     
         291  -8.5067108302511922     
         292  -8.4898460489059993     
         293  -8.4726147408683499     
         294  -8.4550193009051409     
         295  -8.4370620886843017     
         296  -8.4187454251396172     
         297  -8.4000715889763207     
         298  -8.3810428133996364     
         299  -8.3616612831869528     
         300  -8.3419291322867348     
         301  -8.4023462669900884     
         302  -8.4641068676482796     
         303  -8.5271314829726688     
         304  -8.5913360501137586     
         305  -8.6566330221624828     
         306  -8.7229324730247910     
         307  -8.7901431345989760     
         308  -8.8581733407370535     
         309  -8.9269318638626949     
         310  -8.9963286380053464     
         311  -9.0662753678451171     
         312  -9.1366860276805166     
         313  -9.2074772572946948     
         314  -9.2785686637068494     
         315  -9.3498830389334611     
         316  -9.4213465043270013     
         317  -9.4928885919720081     
         318  -9.5644422731485044     
         319  -9.6359439431462555     
         320  -9.7073333708361087     
         321  -9.7785536204544350     
         322  -9.8495509520977969     
         323  -9.9202747064962455     
         324  -9.9906771787668891     
         325  -10.060713485058391     
         326  -10.130341425292217     
         327  -10.199521344587113     
         328  -10.268215995420084     
         329  -10.336390402120511     
         330  -10.404011728912486     
         331  -10.471049152399612     
         332  -10.537473739125948     
         333  -10.603258328631890     
         334  -10.668377422253004     
         335  -10.732807077772801     
         336  -10.796524809935628     
         337  -10.859509496740969     
         338  -10.921741291381993     
         339  -10.983201539643392     
         340  -11.043872702543423     
         341  -11.103738283983118     
         342  -11.162782763153661     
         343  -11.220991531445794     
         344  -11.278350833606151     
         345  -11.334847712886640     
         346  -11.390469959940557     
         347  -11.445206065226081     
         348  -11.499045174688792     
         349  -11.551977048503767     
         350  -11.603992022671141     
         351  -11.655080973268317     
         352  -11.705235283174984     
         353  -11.754446811098159     
         354  -11.802707862735270     
         355  -11.850011163923586     
         356  -11.896349835635947     
         357  -11.941717370690679     
         358  -11.986107612054269     
         359  -12.029514732623333     
         360  -12.071933216380497     
         361  -12.113357840827218     
         362  -12.153783660602810     
         363  -12.193205992206465     
         364  -12.231620399744315     
         365  -12.269022681630771     
         366  -12.305408858176934     
         367  -12.340775160005576     
         368  -12.375118017235945     
         369  -12.408434049385480     
         370  -12.440720055940817     
         371  -12.471973007553142     
         372  -12.502190037815867     
         373  -12.531368435587746     
         374  -12.559505637824914     
         375  -12.586599222890060     
         376  -12.612646904308372     
         377  -12.637646524942166     
         378  -12.661596051559037     
         379  -12.684493569769955     
         380  -12.706337279314551     
         381  -12.727125489674384     
         382  -12.746856615995382     
         383  -12.765529175302250     
         384  -12.783141782989111     
         385  -12.799693149572088     
         386  -12.815182077690633     
         387  -12.829607459345333     
         388  -12.842968273361132     
         389  -12.855263583065854     
         390  -12.866492534175281     
         391  -12.876654352875573     
         392  -12.885748344096891     
         393  -12.893773889969735     
         394  -12.900730448460147     
         395  -12.906617552176758     
         396  -12.911434807346128     
         397  -12.915181892952143     
         398  -12.917858560036295     
         399  -12.919464631156174     
