  laser_ev      diff         i         j    dipole
    2.0029    0.0029         9         8    0.0000
    1.9912    0.0088         9         8    0.0000
    2.0005    0.0005         9         8    0.0000
    1.9992    0.0008         9         8    0.0000
    1.9997    0.0003         9         8    0.0000
    2.0084    0.0084         9         8    0.0000
    2.0001    0.0001         9         8    0.0000
    1.9984    0.0016         9         8    0.0000
    2.0039    0.0039         9         8    0.0000
    1.9986    0.0014         9         8    0.0000
    2.0094    0.0094         9         8    0.0000
    2.0076    0.0076         9         8    0.0000
    1.9933    0.0067         9         8    0.0000
