           0   13.585624727878972     
           1   13.464173414087773     
           2   13.343582563727757     
           3   13.223859946479161     
           4   13.105014023100679     
           5   12.987054016378469     
           6   12.869989990298013     
           7   12.753832938472623     
           8   12.638594882997205     
           9   12.524288985042269     
          10   12.410929668668244     
          11   12.298532759519460     
          12   12.187115640252253     
          13   12.076697424758754     
          14   11.967299153465364     
          15   11.858944012202958     
          16   11.751657577354688     
          17   11.645468090171070     
          18   11.540406763272879     
          19   11.436508122407174     
          20   11.333810386425508     
          21   11.232355888147332     
          22   11.132191538152195     
          23   11.033369332480678     
          24   10.935946903531391     
          25   10.839988110889948     
          26   10.745563665109417     
          27   10.652751772214105     
          28   10.561638779476722     
          29   10.472319793333924     
          30   10.384899227666285     
          31   10.299491224679867     
          32   10.216219871149869     
          33   10.135219110205909     
          34   10.056632224420950     
          35   9.9806107423251369     
          36   9.9073126020522988     
          37   9.8368993992539764     
          38   9.7695325603541256     
          39   9.7053683263893689     
          40   9.6445515155575006     
          41   9.5872081576242785     
          42   9.5334372542472501     
          43   9.4833020961237686     
          44   9.4368217264933065     
          45   9.3939632380702722     
          46   9.3546355878040828     
          47   9.3186854916682691     
          48   9.2858957334704417     
          49   9.2559859356835350     
          50   9.2286155669283207     
          51   9.2033887696685817     
          52   9.1798605288295807     
          53   9.1575437764021945     
          54   9.1359172113228446     
          55   9.1144338551127486     
          56   9.0925305968785217     
          57   9.0696391396760632     
          58   9.0451987826975646     
          59   9.0186713121657824     
          60   8.9895579070445226     
          61   8.9574174209777304     
          62   8.9218847784051505     
          63   8.8826877160757878     
          64   8.8396603374312051     
          65   8.8062972773001924     
          66   8.8205618911015460     
          67   8.8368825194913700     
          68   8.8551627029235149     
          69   8.8753051268068877     
          70   8.8972090656841871     
          71   8.9207702689334365     
          72   8.9458808524831070     
          73   8.9724291254575874     
          74   9.0002993419445581     
          75   9.0293713766697152     
          76   9.0595203263556954     
          77   9.0906160408121330     
          78   9.1225225903276748     
          79   9.1550976791010275     
          80   9.1881920185430861     
          81   9.2216486795775516     
          82   9.2553024498227945     
          83   9.2889792299781409     
          84   9.3224955139926937     
          85   9.3556580096166275     
          86   9.3882634693774669     
          87   9.4200988160774113     
          88   9.4509416601239433     
          89   9.4805613161086395     
          90   9.5087204298297223     
          91   9.5351773203266834     
          92   9.5596891198537524     
          93   9.5820157537359716     
          94   9.6019247389875542     
          95   9.6191966960032200     
          96   9.6336313672381486     
          97   9.6450538324898343     
          98   9.6533205199555798     
          99   9.6583245566292071     
         100   9.6600000000000001     
         101   9.6605099184487475     
         102   9.6620396737950305     
         103   9.6645892660388348     
         104   9.6681586951801428     
         105   9.6727479612189775     
         106   9.6783570641553354     
         107   9.6849860039892004     
         108   9.6926347807205957     
         109   9.7013033943495071     
         110   9.7109918448759309     
         111   9.7217001322998886     
         112   9.7334282566213535     
         113   9.7461762178403166     
         114   9.7599440159568243     
         115   9.7747316509708480     
         116   9.7905391228823948     
         117   9.8073664316914542     
         118   9.8252135773980349     
         119   9.8440805600021140     
         120   9.8639673795037339     
         121   9.8848740359028664     
         122   9.9068005291995327     
         123   9.9297468593936813     
         124   9.9537130264853779     
         125   9.9786990304745906     
         126   10.004704871361310     
         127   10.031730549145566     
         128   10.059776063827314     
         129   10.088841415406604     
         130   10.118926603883416     
         131   10.150031629257720     
         132   10.182156491529572     
         133   10.215301190698916     
         134   10.249465726765806     
         135   10.284650099730202     
         136   10.320854309592109     
         137   10.358078356351541     
         138   10.396322240008502     
         139   10.435585960562955     
         140   10.475869518014951     
         141   10.517172912364453     
         142   10.559496143611485     
         143   10.602839211756018     
         144   10.654784801557696     
         145   10.784211264645792     
         146   10.914984685604749     
         147   11.047088282916436     
         148   11.180506389575649     
         149   11.315224365957476     
         150   11.451228520267451     
         151   11.588506035874634     
         152   11.727044904890883     
         153   11.866833867420670     
         154   12.007862355958837     
         155   12.150120444463850     
         156   12.293598801679293     
         157   12.438288648316576     
         158   12.584181717749665     
         159   12.731270219905243     
         160   12.879546808062539     
         161   13.029004548304080     
         162   13.179636891383337     
         163   13.331437646797273     
         164   13.484400958871698     
         165   13.638521284686126     
         166   13.793793373679760     
         167   13.950212248796241     
         168   14.107773189037029     
         169   14.266471713305641     
         170   14.426303565435960     
         171   14.587264700306566     
         172   14.749351270953326     
         173   14.912559616598735     
         174   15.076886251525261     
         175   15.242327854724834     
         176   15.408881260263906     
         177   15.576543448308115     
         178   15.745311536755217     
         179   15.887611902511001     
         180   16.013272359967292     
         181   16.143335459377823     
         182   16.277830940929135     
         183   16.416743200195867     
         184   16.560012319168145     
         185   16.707537915117026     
         186   16.859185247231260     
         187   17.014792758962244     
         188   17.174180158555643     
         189   17.337156235670538     
         190   17.503525818911516     
         191   17.673095525066742     
         192   17.845678176373443     
         193   18.021095933108793     
         194   18.199182295754717     
         195   18.379783181210577     
         196   18.562757286007617     
         197   18.747975932086451     
         198   18.935322560504215     
         199   19.124692004563091     
