           0   27.244069324917199     
           1   27.053778341810325     
           2   26.864503144605994     
           3   26.676242321949108     
           4   26.488994456793556     
           5   26.302758128644790     
           6   26.117531915791741     
           7   25.933314397525649     
           8   25.750104156345717     
           9   25.567899780150341     
          10   25.386699864413650     
          11   25.206503014347060     
          12   25.027307847045982     
          13   24.849112993621858     
          14   24.671917101320712     
          15   24.495718835628292     
          16   24.320516882364135     
          17   24.146309949764884     
          18   23.973096770560300     
          19   23.800876104042562     
          20   23.629646738132319     
          21   23.459407491444733     
          22   23.290157215357482     
          23   23.121894796085794     
          24   22.954619156767691     
          25   22.788329259564019     
          26   22.623024107778640     
          27   22.458702748003372     
          28   22.295364272294922     
          29   22.133007820388485     
          30   21.971632581956779     
          31   21.811237798921404     
          32   21.651822767825191     
          33   21.493386842274859     
          34   21.335929435464219     
          35   21.179450022789105     
          36   21.023948144566148     
          37   20.869423408869274     
          38   20.715875494498622     
          39   20.563304154098226     
          40   20.411709217441228     
          41   20.261090594902569     
          42   20.111448281141676     
          43   19.962782359020750     
          44   19.815093003786693     
          45   19.668380487548401     
          46   19.522645184084968     
          47   19.377887574025515     
          48   19.234108250446010     
          49   19.091307924934952     
          50   18.949487434187336     
          51   18.808647747194254     
          52   18.668789973106247     
          53   18.529915369859491     
          54   18.392025353668306     
          55   18.255121509504846     
          56   18.119205602704422     
          57   17.984279591861629     
          58   17.850345643208538     
          59   17.717406146701812     
          60   17.585463734087597     
          61   17.454521299263675     
          62   17.324582021320943     
          63   17.195649390724071     
          64   17.067727239185576     
          65   16.940819773907833     
          66   16.814931617014945     
          67   16.690067851185955     
          68   16.566234072737505     
          69   16.443436453709328     
          70   16.321681814896593     
          71   16.200977712280245     
          72   16.081332539968045     
          73   15.962755653630179     
          74   15.845257519570104     
          75   15.728849896120950     
          76   15.613546056154769     
          77   15.499361062358160     
          78   15.386312110887863     
          79   15.274418964554460     
          80   15.163704504514770     
          81   15.054195440678093     
          82   14.945923237347014     
          83   14.838925334676844     
          84   14.733246782589728     
          85   14.628942458696944     
          86   14.526080126915636     
          87   14.424744727883592     
          88   14.325044508567618     
          89   14.227119953195606     
          90   14.131157070158123     
          91   14.037407594829604     
          92   13.946220390213393     
          93   13.858091264260453     
          94   13.773743254184287     
          95   13.694256459789875     
          96   13.621272708714217     
          97   13.557287946466685     
          98   13.505951313914588     
          99   13.471991187009680     
         100   13.460000000000001     
         101   13.476014604208935     
         102   13.521669644351158     
         103   13.591581778677822     
         104   13.680284703206519     
         105   13.783567667645125     
         106   13.898490643573938     
         107   14.023024909645999     
         108   14.155732245304501     
         109   14.295551376192666     
         110   14.441667143869308     
         111   14.593431433093201     
         112   14.750314570796300     
         113   14.911874484202009     
         114   15.077736338335450     
         115   15.247578510366196     
         116   15.421122520137834     
         117   15.598125523042949     
         118   15.778374528884322     
         119   15.961681829996921     
         120   16.147881308673583     
         121   16.336825405555164     
         122   16.528382599111126     
         123   16.722435289577021     
         124   16.918878008920100     
         125   17.117615897429936     
         126   17.318563400812902     
         127   17.521643151246661     
         128   17.726785002967137     
         129   17.933925198387108     
         130   18.143005644975844     
         131   18.353973286484059     
         132   18.566779554801066     
         133   18.781379890928562     
         134   18.997733325362454     
         135   19.215802109666104     
         136   19.435551392262052     
         137   19.656948932505841     
         138   19.879964847977082     
         139   20.104571390654677     
         140   20.330742748261969     
         141   20.558454867590619     
         142   20.787685297055308     
         143   21.018413046109004     
         144   21.250618459469738     
         145   21.484283104384048     
         146   21.719389669386814     
         147   21.955921873217999     
         148   22.193864382730332     
         149   22.433202738769047     
         150   22.673923289134141     
         151   22.916013127844941     
         152   23.159460040023220     
         153   23.404252451793411     
         154   23.650379384670099     
         155   23.897830413966275     
         156   24.146595630809333     
         157   24.396665607400060     
         158   24.648031365190693     
         159   24.900684345694749     
         160   25.154616383673392     
         161   25.409819682470719     
         162   25.666286791294901     
         163   25.924010584264185     
         164   26.182984241055564     
         165   26.443201229010754     
         166   26.704655286569242     
         167   26.967340407911774     
         168   27.231250828707918     
         169   27.496381012874451     
         170   27.762725640257315     
         171   28.030279595161574     
         172   28.299037955657788     
         173   28.568995983603088     
         174   28.840149115318564     
         175   29.112492952871502     
         176   29.386023255914740     
         177   29.660735934040570     
         178   29.936627039609512     
         179   30.213692761018542     
         180   30.491929416375974     
         181   30.771333447553388     
         182   31.051901414587036     
         183   31.333629990403640     
         184   31.616515955848413     
         185   31.900556194993335     
         186   32.185747690706705     
         187   32.472087520466658     
         188   32.759572852401590     
         189   33.048200941542653     
         190   33.337969126274828     
         191   33.628874824973202     
         192   33.920915532812366     
         193   34.214088818739334     
         194   34.508392322598048     
         195   34.803823752397186     
         196   35.100380881712312     
         197   35.398061547214112     
         198   35.696863646315293     
         199   35.996785134929326     
