       101       026       026    26.000    26.000
       099       027       027    27.000    27.000
       100       027       026    26.000    26.000
       101       027       025    26.000    25.000
       097       028       028    28.000    28.000
       098       028       027    27.000    27.000
       099       028       026    27.000    26.000
       100       028       025    26.000    25.000
       101       028       024    26.000    24.000
       095       029       029    29.000    29.000
       096       029       028    28.000    28.000
       097       029       027    28.000    27.000
       098       029       026    27.000    26.000
       099       029       025    27.000    25.000
       100       029       024    26.000    24.000
       101       029       023    26.000    23.000
       093       030       030    30.000    30.000
       094       030       029    29.000    29.000
       095       030       028    29.000    28.000
       096       030       027    28.000    27.000
       097       030       026    28.000    26.000
       098       030       025    27.000    25.000
       099       030       024    27.000    24.000
       100       030       023    26.000    23.000
       101       030       022    26.000    22.000
       091       031       031    31.000    31.000
       092       031       030    30.000    30.000
       093       031       029    30.000    29.000
       094       031       028    29.000    28.000
       095       031       027    29.000    27.000
       096       031       026    28.000    26.000
       097       031       025    28.000    25.000
       098       031       024    27.000    24.000
       099       031       023    27.000    23.000
       100       031       022    26.000    22.000
       101       031       021    26.000    21.000
       089       032       032    32.000    32.000
       090       032       031    31.000    31.000
       091       032       030    31.000    30.000
       092       032       029    30.000    29.000
       093       032       028    30.000    28.000
       094       032       027    29.000    27.000
       095       032       026    29.000    26.000
       096       032       025    28.000    25.000
       097       032       024    28.000    24.000
       098       032       023    27.000    23.000
       099       032       022    27.000    22.000
       100       032       021    26.000    21.000
       101       032       020    26.000    20.000
       087       033       033    33.000    33.000
       088       033       032    32.000    32.000
       089       033       031    32.000    31.000
       090       033       030    31.000    30.000
       091       033       029    31.000    29.000
       092       033       028    30.000    28.000
       093       033       027    30.000    27.000
       094       033       026    29.000    26.000
       095       033       025    29.000    25.000
       096       033       024    28.000    24.000
       097       033       023    28.000    23.000
       098       033       022    27.000    22.000
       099       033       021    27.000    21.000
       100       033       020    26.000    20.000
       101       033       019    26.000    19.000
       085       034       034    34.000    34.000
       086       034       033    33.000    33.000
       087       034       032    33.000    32.000
       088       034       031    32.000    31.000
       089       034       030    32.000    30.000
       090       034       029    31.000    29.000
       091       034       028    31.000    28.000
       092       034       027    30.000    27.000
       093       034       026    30.000    26.000
       094       034       025    29.000    25.000
       095       034       024    29.000    24.000
       096       034       023    28.000    23.000
       097       034       022    28.000    22.000
       098       034       021    27.000    21.000
       099       034       020    27.000    20.000
       100       034       019    26.000    19.000
       101       034       018    26.000    18.000
       083       035       035    35.000    35.000
       084       035       034    34.000    34.000
       085       035       033    34.000    33.000
       086       035       032    33.000    32.000
       087       035       031    33.000    31.000
       088       035       030    32.000    30.000
       089       035       029    32.000    29.000
       090       035       028    31.000    28.000
       091       035       027    31.000    27.000
       092       035       026    30.000    26.000
       093       035       025    30.000    25.000
       094       035       024    29.000    24.000
       095       035       023    29.000    23.000
       096       035       022    28.000    22.000
       097       035       021    28.000    21.000
       098       035       020    27.000    20.000
       099       035       019    27.000    19.000
       100       035       018    26.000    18.000
       101       035       017    26.000    17.000
       081       036       036    36.000    36.000
       082       036       035    35.000    35.000
       083       036       034    35.000    34.000
       084       036       033    34.000    33.000
       085       036       032    34.000    32.000
       086       036       031    33.000    31.000
       087       036       030    33.000    30.000
       088       036       029    32.000    29.000
       089       036       028    32.000    28.000
       090       036       027    31.000    27.000
       091       036       026    31.000    26.000
       092       036       025    30.000    25.000
       093       036       024    30.000    24.000
       094       036       023    29.000    23.000
       095       036       022    29.000    22.000
       096       036       021    28.000    21.000
       097       036       020    28.000    20.000
       098       036       019    27.000    19.000
       099       036       018    27.000    18.000
       100       036       017    26.000    17.000
       101       036       016    26.000    16.000
       079       037       037    37.000    37.000
       080       037       036    36.000    36.000
       081       037       035    36.000    35.000
       082       037       034    35.000    34.000
       083       037       033    35.000    33.000
       084       037       032    34.000    32.000
       085       037       031    34.000    31.000
       086       037       030    33.000    30.000
       087       037       029    33.000    29.000
       088       037       028    32.000    28.000
       089       037       027    32.000    27.000
       090       037       026    31.000    26.000
       091       037       025    31.000    25.000
       092       037       024    30.000    24.000
       093       037       023    30.000    23.000
       094       037       022    29.000    22.000
       095       037       021    29.000    21.000
       096       037       020    28.000    20.000
       097       037       019    28.000    19.000
       098       037       018    27.000    18.000
       099       037       017    27.000    17.000
       100       037       016    26.000    16.000
       101       037       015    26.000    15.000
       077       038       038    38.000    38.000
       078       038       037    37.000    37.000
       079       038       036    37.000    36.000
       080       038       035    36.000    35.000
       081       038       034    36.000    34.000
       082       038       033    35.000    33.000
       083       038       032    35.000    32.000
       084       038       031    34.000    31.000
       085       038       030    34.000    30.000
       086       038       029    33.000    29.000
       087       038       028    33.000    28.000
       088       038       027    32.000    27.000
       089       038       026    32.000    26.000
       090       038       025    31.000    25.000
       091       038       024    31.000    24.000
       092       038       023    30.000    23.000
       093       038       022    30.000    22.000
       094       038       021    29.000    21.000
       095       038       020    29.000    20.000
       096       038       019    28.000    19.000
       097       038       018    28.000    18.000
       098       038       017    27.000    17.000
       099       038       016    27.000    16.000
       100       038       015    26.000    15.000
       101       038       014    26.000    14.000
       075       039       039    39.000    39.000
       076       039       038    38.000    38.000
       077       039       037    38.000    37.000
       078       039       036    37.000    36.000
       079       039       035    37.000    35.000
       080       039       034    36.000    34.000
       081       039       033    36.000    33.000
       082       039       032    35.000    32.000
       083       039       031    35.000    31.000
       084       039       030    34.000    30.000
       085       039       029    34.000    29.000
       086       039       028    33.000    28.000
       087       039       027    33.000    27.000
       088       039       026    32.000    26.000
       089       039       025    32.000    25.000
       090       039       024    31.000    24.000
       091       039       023    31.000    23.000
       092       039       022    30.000    22.000
       093       039       021    30.000    21.000
       094       039       020    29.000    20.000
       095       039       019    29.000    19.000
       096       039       018    28.000    18.000
       097       039       017    28.000    17.000
       098       039       016    27.000    16.000
       099       039       015    27.000    15.000
       100       039       014    26.000    14.000
       101       039       013    26.000    13.000
       073       040       040    40.000    40.000
       074       040       039    39.000    39.000
       075       040       038    39.000    38.000
       076       040       037    38.000    37.000
       077       040       036    38.000    36.000
       078       040       035    37.000    35.000
       079       040       034    37.000    34.000
       080       040       033    36.000    33.000
       081       040       032    36.000    32.000
       082       040       031    35.000    31.000
       083       040       030    35.000    30.000
       084       040       029    34.000    29.000
       085       040       028    34.000    28.000
       086       040       027    33.000    27.000
       087       040       026    33.000    26.000
       088       040       025    32.000    25.000
       089       040       024    32.000    24.000
       090       040       023    31.000    23.000
       091       040       022    31.000    22.000
       092       040       021    30.000    21.000
       093       040       020    30.000    20.000
       094       040       019    29.000    19.000
       095       040       018    29.000    18.000
       096       040       017    28.000    17.000
       097       040       016    28.000    16.000
       098       040       015    27.000    15.000
       099       040       014    27.000    14.000
       100       040       013    26.000    13.000
       101       040       012    26.000    12.000
       071       041       041    41.000    41.000
       072       041       040    40.000    40.000
       073       041       039    40.000    39.000
       074       041       038    39.000    38.000
       075       041       037    39.000    37.000
       076       041       036    38.000    36.000
       077       041       035    38.000    35.000
       078       041       034    37.000    34.000
       079       041       033    37.000    33.000
       080       041       032    36.000    32.000
       081       041       031    36.000    31.000
       082       041       030    35.000    30.000
       083       041       029    35.000    29.000
       084       041       028    34.000    28.000
       085       041       027    34.000    27.000
       086       041       026    33.000    26.000
       087       041       025    33.000    25.000
       088       041       024    32.000    24.000
       089       041       023    32.000    23.000
       090       041       022    31.000    22.000
       091       041       021    31.000    21.000
       092       041       020    30.000    20.000
       093       041       019    30.000    19.000
       094       041       018    29.000    18.000
       095       041       017    29.000    17.000
       096       041       016    28.000    16.000
       097       041       015    28.000    15.000
       098       041       014    27.000    14.000
       099       041       013    27.000    13.000
       100       041       012    26.000    12.000
       101       041       011    26.000    11.000
       069       042       042    42.000    42.000
       070       042       041    41.000    41.000
       071       042       040    41.000    40.000
       072       042       039    40.000    39.000
       073       042       038    40.000    38.000
       074       042       037    39.000    37.000
       075       042       036    39.000    36.000
       076       042       035    38.000    35.000
       077       042       034    38.000    34.000
       078       042       033    37.000    33.000
       079       042       032    37.000    32.000
       080       042       031    36.000    31.000
       081       042       030    36.000    30.000
       082       042       029    35.000    29.000
       083       042       028    35.000    28.000
       084       042       027    34.000    27.000
       085       042       026    34.000    26.000
       086       042       025    33.000    25.000
       087       042       024    33.000    24.000
       088       042       023    32.000    23.000
       089       042       022    32.000    22.000
       090       042       021    31.000    21.000
       091       042       020    31.000    20.000
       092       042       019    30.000    19.000
       093       042       018    30.000    18.000
       094       042       017    29.000    17.000
       095       042       016    29.000    16.000
       096       042       015    28.000    15.000
       097       042       014    28.000    14.000
       098       042       013    27.000    13.000
       099       042       012    27.000    12.000
       100       042       011    26.000    11.000
       101       042       010    26.000    10.000
       067       043       043    43.000    43.000
       068       043       042    42.000    42.000
       069       043       041    42.000    41.000
       070       043       040    41.000    40.000
       071       043       039    41.000    39.000
       072       043       038    40.000    38.000
       073       043       037    40.000    37.000
       074       043       036    39.000    36.000
       075       043       035    39.000    35.000
       076       043       034    38.000    34.000
       077       043       033    38.000    33.000
       078       043       032    37.000    32.000
       079       043       031    37.000    31.000
       080       043       030    36.000    30.000
       081       043       029    36.000    29.000
       082       043       028    35.000    28.000
       083       043       027    35.000    27.000
       084       043       026    34.000    26.000
       085       043       025    34.000    25.000
       086       043       024    33.000    24.000
       087       043       023    33.000    23.000
       088       043       022    32.000    22.000
       089       043       021    32.000    21.000
       090       043       020    31.000    20.000
       091       043       019    31.000    19.000
       092       043       018    30.000    18.000
       093       043       017    30.000    17.000
       094       043       016    29.000    16.000
       095       043       015    29.000    15.000
       096       043       014    28.000    14.000
       097       043       013    28.000    13.000
       098       043       012    27.000    12.000
       099       043       011    27.000    11.000
       100       043       010    26.000    10.000
       101       043       009    26.000     9.000
       065       044       044    44.000    44.000
       066       044       043    43.000    43.000
       067       044       042    43.000    42.000
       068       044       041    42.000    41.000
       069       044       040    42.000    40.000
       070       044       039    41.000    39.000
       071       044       038    41.000    38.000
       072       044       037    40.000    37.000
       073       044       036    40.000    36.000
       074       044       035    39.000    35.000
       075       044       034    39.000    34.000
       076       044       033    38.000    33.000
       077       044       032    38.000    32.000
       078       044       031    37.000    31.000
       079       044       030    37.000    30.000
       080       044       029    36.000    29.000
       081       044       028    36.000    28.000
       082       044       027    35.000    27.000
       083       044       026    35.000    26.000
       084       044       025    34.000    25.000
       085       044       024    34.000    24.000
       086       044       023    33.000    23.000
       087       044       022    33.000    22.000
       088       044       021    32.000    21.000
       089       044       020    32.000    20.000
       090       044       019    31.000    19.000
       091       044       018    31.000    18.000
       092       044       017    30.000    17.000
       093       044       016    30.000    16.000
       094       044       015    29.000    15.000
       095       044       014    29.000    14.000
       096       044       013    28.000    13.000
       097       044       012    28.000    12.000
       098       044       011    27.000    11.000
       099       044       010    27.000    10.000
       100       044       009    26.000     9.000
       101       044       008    26.000     8.000
       063       045       045    45.000    45.000
       064       045       044    44.000    44.000
       065       045       043    44.000    43.000
       066       045       042    43.000    42.000
       067       045       041    43.000    41.000
       068       045       040    42.000    40.000
       069       045       039    42.000    39.000
       070       045       038    41.000    38.000
       071       045       037    41.000    37.000
       072       045       036    40.000    36.000
       073       045       035    40.000    35.000
       074       045       034    39.000    34.000
       075       045       033    39.000    33.000
       076       045       032    38.000    32.000
       077       045       031    38.000    31.000
       078       045       030    37.000    30.000
       079       045       029    37.000    29.000
       080       045       028    36.000    28.000
       081       045       027    36.000    27.000
       082       045       026    35.000    26.000
       083       045       025    35.000    25.000
       084       045       024    34.000    24.000
       085       045       023    34.000    23.000
       086       045       022    33.000    22.000
       087       045       021    33.000    21.000
       088       045       020    32.000    20.000
       089       045       019    32.000    19.000
       090       045       018    31.000    18.000
       091       045       017    31.000    17.000
       092       045       016    30.000    16.000
       093       045       015    30.000    15.000
       094       045       014    29.000    14.000
       095       045       013    29.000    13.000
       096       045       012    28.000    12.000
       097       045       011    28.000    11.000
       098       045       010    27.000    10.000
       099       045       009    27.000     9.000
       100       045       008    26.000     8.000
       101       045       007    26.000     7.000
       061       046       046    46.000    46.000
       062       046       045    45.000    45.000
       063       046       044    45.000    44.000
       064       046       043    44.000    43.000
       065       046       042    44.000    42.000
       066       046       041    43.000    41.000
       067       046       040    43.000    40.000
       068       046       039    42.000    39.000
       069       046       038    42.000    38.000
       070       046       037    41.000    37.000
       071       046       036    41.000    36.000
       072       046       035    40.000    35.000
       073       046       034    40.000    34.000
       074       046       033    39.000    33.000
       075       046       032    39.000    32.000
       076       046       031    38.000    31.000
       077       046       030    38.000    30.000
       078       046       029    37.000    29.000
       079       046       028    37.000    28.000
       080       046       027    36.000    27.000
       081       046       026    36.000    26.000
       082       046       025    35.000    25.000
       083       046       024    35.000    24.000
       084       046       023    34.000    23.000
       085       046       022    34.000    22.000
       086       046       021    33.000    21.000
       087       046       020    33.000    20.000
       088       046       019    32.000    19.000
       089       046       018    32.000    18.000
       090       046       017    31.000    17.000
       091       046       016    31.000    16.000
       092       046       015    30.000    15.000
       093       046       014    30.000    14.000
       094       046       013    29.000    13.000
       095       046       012    29.000    12.000
       096       046       011    28.000    11.000
       097       046       010    28.000    10.000
       098       046       009    27.000     9.000
       099       046       008    27.000     8.000
       100       046       007    26.000     7.000
       101       046       006    26.000     6.000
       059       047       047    47.000    47.000
       060       047       046    46.000    46.000
       061       047       045    46.000    45.000
       062       047       044    45.000    44.000
       063       047       043    45.000    43.000
       064       047       042    44.000    42.000
       065       047       041    44.000    41.000
       066       047       040    43.000    40.000
       067       047       039    43.000    39.000
       068       047       038    42.000    38.000
       069       047       037    42.000    37.000
       070       047       036    41.000    36.000
       071       047       035    41.000    35.000
       072       047       034    40.000    34.000
       073       047       033    40.000    33.000
       074       047       032    39.000    32.000
       075       047       031    39.000    31.000
       076       047       030    38.000    30.000
       077       047       029    38.000    29.000
       078       047       028    37.000    28.000
       079       047       027    37.000    27.000
       080       047       026    36.000    26.000
       081       047       025    36.000    25.000
       082       047       024    35.000    24.000
       083       047       023    35.000    23.000
       084       047       022    34.000    22.000
       085       047       021    34.000    21.000
       086       047       020    33.000    20.000
       087       047       019    33.000    19.000
       088       047       018    32.000    18.000
       089       047       017    32.000    17.000
       090       047       016    31.000    16.000
       091       047       015    31.000    15.000
       092       047       014    30.000    14.000
       093       047       013    30.000    13.000
       094       047       012    29.000    12.000
       095       047       011    29.000    11.000
       096       047       010    28.000    10.000
       097       047       009    28.000     9.000
       098       047       008    27.000     8.000
       099       047       007    27.000     7.000
       100       047       006    26.000     6.000
       101       047       005    26.000     5.000
       057       048       048    48.000    48.000
       058       048       047    47.000    47.000
       059       048       046    47.000    46.000
       060       048       045    46.000    45.000
       061       048       044    46.000    44.000
       062       048       043    45.000    43.000
       063       048       042    45.000    42.000
       064       048       041    44.000    41.000
       065       048       040    44.000    40.000
       066       048       039    43.000    39.000
       067       048       038    43.000    38.000
       068       048       037    42.000    37.000
       069       048       036    42.000    36.000
       070       048       035    41.000    35.000
       071       048       034    41.000    34.000
       072       048       033    40.000    33.000
       073       048       032    40.000    32.000
       074       048       031    39.000    31.000
       075       048       030    39.000    30.000
       076       048       029    38.000    29.000
       077       048       028    38.000    28.000
       078       048       027    37.000    27.000
       079       048       026    37.000    26.000
       080       048       025    36.000    25.000
       081       048       024    36.000    24.000
       082       048       023    35.000    23.000
       083       048       022    35.000    22.000
       084       048       021    34.000    21.000
       085       048       020    34.000    20.000
       086       048       019    33.000    19.000
       087       048       018    33.000    18.000
       088       048       017    32.000    17.000
       089       048       016    32.000    16.000
       090       048       015    31.000    15.000
       091       048       014    31.000    14.000
       092       048       013    30.000    13.000
       093       048       012    30.000    12.000
       094       048       011    29.000    11.000
       095       048       010    29.000    10.000
       096       048       009    28.000     9.000
       097       048       008    28.000     8.000
       098       048       007    27.000     7.000
       099       048       006    27.000     6.000
       100       048       005    26.000     5.000
       101       048       004    26.000     4.000
       055       049       049    49.000    49.000
       056       049       048    48.000    48.000
       057       049       047    48.000    47.000
       058       049       046    47.000    46.000
       059       049       045    47.000    45.000
       060       049       044    46.000    44.000
       061       049       043    46.000    43.000
       062       049       042    45.000    42.000
       063       049       041    45.000    41.000
       064       049       040    44.000    40.000
       065       049       039    44.000    39.000
       066       049       038    43.000    38.000
       067       049       037    43.000    37.000
       068       049       036    42.000    36.000
       069       049       035    42.000    35.000
       070       049       034    41.000    34.000
       071       049       033    41.000    33.000
       072       049       032    40.000    32.000
       073       049       031    40.000    31.000
       074       049       030    39.000    30.000
       075       049       029    39.000    29.000
       076       049       028    38.000    28.000
       077       049       027    38.000    27.000
       078       049       026    37.000    26.000
       079       049       025    37.000    25.000
       080       049       024    36.000    24.000
       081       049       023    36.000    23.000
       082       049       022    35.000    22.000
       083       049       021    35.000    21.000
       084       049       020    34.000    20.000
       085       049       019    34.000    19.000
       086       049       018    33.000    18.000
       087       049       017    33.000    17.000
       088       049       016    32.000    16.000
       089       049       015    32.000    15.000
       090       049       014    31.000    14.000
       091       049       013    31.000    13.000
       092       049       012    30.000    12.000
       093       049       011    30.000    11.000
       094       049       010    29.000    10.000
       095       049       009    29.000     9.000
       096       049       008    28.000     8.000
       097       049       007    28.000     7.000
       098       049       006    27.000     6.000
       099       049       005    27.000     5.000
       100       049       004    26.000     4.000
       101       049       003    26.000     3.000
       053       050       050    50.000    50.000
       054       050       049    49.000    49.000
       055       050       048    49.000    48.000
       056       050       047    48.000    47.000
       057       050       046    48.000    46.000
       058       050       045    47.000    45.000
       059       050       044    47.000    44.000
       060       050       043    46.000    43.000
       061       050       042    46.000    42.000
       062       050       041    45.000    41.000
       063       050       040    45.000    40.000
       064       050       039    44.000    39.000
       065       050       038    44.000    38.000
       066       050       037    43.000    37.000
       067       050       036    43.000    36.000
       068       050       035    42.000    35.000
       069       050       034    42.000    34.000
       070       050       033    41.000    33.000
       071       050       032    41.000    32.000
       072       050       031    40.000    31.000
       073       050       030    40.000    30.000
       074       050       029    39.000    29.000
       075       050       028    39.000    28.000
       076       050       027    38.000    27.000
       077       050       026    38.000    26.000
       078       050       025    37.000    25.000
       079       050       024    37.000    24.000
       080       050       023    36.000    23.000
       081       050       022    36.000    22.000
       082       050       021    35.000    21.000
       083       050       020    35.000    20.000
       084       050       019    34.000    19.000
       085       050       018    34.000    18.000
       086       050       017    33.000    17.000
       087       050       016    33.000    16.000
       088       050       015    32.000    15.000
       089       050       014    32.000    14.000
       090       050       013    31.000    13.000
       091       050       012    31.000    12.000
       092       050       011    30.000    11.000
       093       050       010    30.000    10.000
       094       050       009    29.000     9.000
       095       050       008    29.000     8.000
       096       050       007    28.000     7.000
       097       050       006    28.000     6.000
       098       050       005    27.000     5.000
       099       050       004    27.000     4.000
       100       050       003    26.000     3.000
       101       050       002    26.000     2.000
       051       051       051    51.000    51.000
       052       051       050    50.000    50.000
       053       051       049    50.000    49.000
       054       051       048    49.000    48.000
       055       051       047    49.000    47.000
       056       051       046    48.000    46.000
       057       051       045    48.000    45.000
       058       051       044    47.000    44.000
       059       051       043    47.000    43.000
       060       051       042    46.000    42.000
       061       051       041    46.000    41.000
       062       051       040    45.000    40.000
       063       051       039    45.000    39.000
       064       051       038    44.000    38.000
       065       051       037    44.000    37.000
       066       051       036    43.000    36.000
       067       051       035    43.000    35.000
       068       051       034    42.000    34.000
       069       051       033    42.000    33.000
       070       051       032    41.000    32.000
       071       051       031    41.000    31.000
       072       051       030    40.000    30.000
       073       051       029    40.000    29.000
       074       051       028    39.000    28.000
       075       051       027    39.000    27.000
       076       051       026    38.000    26.000
       077       051       025    38.000    25.000
       078       051       024    37.000    24.000
       079       051       023    37.000    23.000
       080       051       022    36.000    22.000
       081       051       021    36.000    21.000
       082       051       020    35.000    20.000
       083       051       019    35.000    19.000
       084       051       018    34.000    18.000
       085       051       017    34.000    17.000
       086       051       016    33.000    16.000
       087       051       015    33.000    15.000
       088       051       014    32.000    14.000
       089       051       013    32.000    13.000
       090       051       012    31.000    12.000
       091       051       011    31.000    11.000
       092       051       010    30.000    10.000
       093       051       009    30.000     9.000
       094       051       008    29.000     8.000
       095       051       007    29.000     7.000
       096       051       006    28.000     6.000
       097       051       005    28.000     5.000
       098       051       004    27.000     4.000
       099       051       003    27.000     3.000
       100       051       002    26.000     2.000
       101       051       001    26.000     1.000
       052       052       049    50.000    49.000
       053       052       048    50.000    48.000
       054       052       047    49.000    47.000
       055       052       046    49.000    46.000
       056       052       045    48.000    45.000
       057       052       044    48.000    44.000
       058       052       043    47.000    43.000
       059       052       042    47.000    42.000
       060       052       041    46.000    41.000
       061       052       040    46.000    40.000
       062       052       039    45.000    39.000
       063       052       038    45.000    38.000
       064       052       037    44.000    37.000
       065       052       036    44.000    36.000
       066       052       035    43.000    35.000
       067       052       034    43.000    34.000
       068       052       033    42.000    33.000
       069       052       032    42.000    32.000
       070       052       031    41.000    31.000
       071       052       030    41.000    30.000
       072       052       029    40.000    29.000
       073       052       028    40.000    28.000
       074       052       027    39.000    27.000
       075       052       026    39.000    26.000
       076       052       025    38.000    25.000
       077       052       024    38.000    24.000
       078       052       023    37.000    23.000
       079       052       022    37.000    22.000
       080       052       021    36.000    21.000
       081       052       020    36.000    20.000
       082       052       019    35.000    19.000
       083       052       018    35.000    18.000
       084       052       017    34.000    17.000
       085       052       016    34.000    16.000
       086       052       015    33.000    15.000
       087       052       014    33.000    14.000
       088       052       013    32.000    13.000
       089       052       012    32.000    12.000
       090       052       011    31.000    11.000
       091       052       010    31.000    10.000
       092       052       009    30.000     9.000
       093       052       008    30.000     8.000
       094       052       007    29.000     7.000
       095       052       006    29.000     6.000
       096       052       005    28.000     5.000
       097       052       004    28.000     4.000
       098       052       003    27.000     3.000
       099       052       002    27.000     2.000
       100       052       001    26.000     1.000
       053       053       047    50.000    47.000
       054       053       046    49.000    46.000
       055       053       045    49.000    45.000
       056       053       044    48.000    44.000
       057       053       043    48.000    43.000
       058       053       042    47.000    42.000
       059       053       041    47.000    41.000
       060       053       040    46.000    40.000
       061       053       039    46.000    39.000
       062       053       038    45.000    38.000
       063       053       037    45.000    37.000
       064       053       036    44.000    36.000
       065       053       035    44.000    35.000
       066       053       034    43.000    34.000
       067       053       033    43.000    33.000
       068       053       032    42.000    32.000
       069       053       031    42.000    31.000
       070       053       030    41.000    30.000
       071       053       029    41.000    29.000
       072       053       028    40.000    28.000
       073       053       027    40.000    27.000
       074       053       026    39.000    26.000
       075       053       025    39.000    25.000
       076       053       024    38.000    24.000
       077       053       023    38.000    23.000
       078       053       022    37.000    22.000
       079       053       021    37.000    21.000
       080       053       020    36.000    20.000
       081       053       019    36.000    19.000
       082       053       018    35.000    18.000
       083       053       017    35.000    17.000
       084       053       016    34.000    16.000
       085       053       015    34.000    15.000
       086       053       014    33.000    14.000
       087       053       013    33.000    13.000
       088       053       012    32.000    12.000
       089       053       011    32.000    11.000
       090       053       010    31.000    10.000
       091       053       009    31.000     9.000
       092       053       008    30.000     8.000
       093       053       007    30.000     7.000
       094       053       006    29.000     6.000
       095       053       005    29.000     5.000
       096       053       004    28.000     4.000
       097       053       003    28.000     3.000
       098       053       002    27.000     2.000
       099       053       001    27.000     1.000
       054       054       045    49.000    45.000
       055       054       044    49.000    44.000
       056       054       043    48.000    43.000
       057       054       042    48.000    42.000
       058       054       041    47.000    41.000
       059       054       040    47.000    40.000
       060       054       039    46.000    39.000
       061       054       038    46.000    38.000
       062       054       037    45.000    37.000
       063       054       036    45.000    36.000
       064       054       035    44.000    35.000
       065       054       034    44.000    34.000
       066       054       033    43.000    33.000
       067       054       032    43.000    32.000
       068       054       031    42.000    31.000
       069       054       030    42.000    30.000
       070       054       029    41.000    29.000
       071       054       028    41.000    28.000
       072       054       027    40.000    27.000
       073       054       026    40.000    26.000
       074       054       025    39.000    25.000
       075       054       024    39.000    24.000
       076       054       023    38.000    23.000
       077       054       022    38.000    22.000
       078       054       021    37.000    21.000
       079       054       020    37.000    20.000
       080       054       019    36.000    19.000
       081       054       018    36.000    18.000
       082       054       017    35.000    17.000
       083       054       016    35.000    16.000
       084       054       015    34.000    15.000
       085       054       014    34.000    14.000
       086       054       013    33.000    13.000
       087       054       012    33.000    12.000
       088       054       011    32.000    11.000
       089       054       010    32.000    10.000
       090       054       009    31.000     9.000
       091       054       008    31.000     8.000
       092       054       007    30.000     7.000
       093       054       006    30.000     6.000
       094       054       005    29.000     5.000
       095       054       004    29.000     4.000
       096       054       003    28.000     3.000
       097       054       002    28.000     2.000
       098       054       001    27.000     1.000
       055       055       043    49.000    43.000
       056       055       042    48.000    42.000
       057       055       041    48.000    41.000
       058       055       040    47.000    40.000
       059       055       039    47.000    39.000
       060       055       038    46.000    38.000
       061       055       037    46.000    37.000
       062       055       036    45.000    36.000
       063       055       035    45.000    35.000
       064       055       034    44.000    34.000
       065       055       033    44.000    33.000
       066       055       032    43.000    32.000
       067       055       031    43.000    31.000
       068       055       030    42.000    30.000
       069       055       029    42.000    29.000
       070       055       028    41.000    28.000
       071       055       027    41.000    27.000
       072       055       026    40.000    26.000
       073       055       025    40.000    25.000
       074       055       024    39.000    24.000
       075       055       023    39.000    23.000
       076       055       022    38.000    22.000
       077       055       021    38.000    21.000
       078       055       020    37.000    20.000
       079       055       019    37.000    19.000
       080       055       018    36.000    18.000
       081       055       017    36.000    17.000
       082       055       016    35.000    16.000
       083       055       015    35.000    15.000
       084       055       014    34.000    14.000
       085       055       013    34.000    13.000
       086       055       012    33.000    12.000
       087       055       011    33.000    11.000
       088       055       010    32.000    10.000
       089       055       009    32.000     9.000
       090       055       008    31.000     8.000
       091       055       007    31.000     7.000
       092       055       006    30.000     6.000
       093       055       005    30.000     5.000
       094       055       004    29.000     4.000
       095       055       003    29.000     3.000
       096       055       002    28.000     2.000
       097       055       001    28.000     1.000
       056       056       041    48.000    41.000
       057       056       040    48.000    40.000
       058       056       039    47.000    39.000
       059       056       038    47.000    38.000
       060       056       037    46.000    37.000
       061       056       036    46.000    36.000
       062       056       035    45.000    35.000
       063       056       034    45.000    34.000
       064       056       033    44.000    33.000
       065       056       032    44.000    32.000
       066       056       031    43.000    31.000
       067       056       030    43.000    30.000
       068       056       029    42.000    29.000
       069       056       028    42.000    28.000
       070       056       027    41.000    27.000
       071       056       026    41.000    26.000
       072       056       025    40.000    25.000
       073       056       024    40.000    24.000
       074       056       023    39.000    23.000
       075       056       022    39.000    22.000
       076       056       021    38.000    21.000
       077       056       020    38.000    20.000
       078       056       019    37.000    19.000
       079       056       018    37.000    18.000
       080       056       017    36.000    17.000
       081       056       016    36.000    16.000
       082       056       015    35.000    15.000
       083       056       014    35.000    14.000
       084       056       013    34.000    13.000
       085       056       012    34.000    12.000
       086       056       011    33.000    11.000
       087       056       010    33.000    10.000
       088       056       009    32.000     9.000
       089       056       008    32.000     8.000
       090       056       007    31.000     7.000
       091       056       006    31.000     6.000
       092       056       005    30.000     5.000
       093       056       004    30.000     4.000
       094       056       003    29.000     3.000
       095       056       002    29.000     2.000
       096       056       001    28.000     1.000
       057       057       039    48.000    39.000
       058       057       038    47.000    38.000
       059       057       037    47.000    37.000
       060       057       036    46.000    36.000
       061       057       035    46.000    35.000
       062       057       034    45.000    34.000
       063       057       033    45.000    33.000
       064       057       032    44.000    32.000
       065       057       031    44.000    31.000
       066       057       030    43.000    30.000
       067       057       029    43.000    29.000
       068       057       028    42.000    28.000
       069       057       027    42.000    27.000
       070       057       026    41.000    26.000
       071       057       025    41.000    25.000
       072       057       024    40.000    24.000
       073       057       023    40.000    23.000
       074       057       022    39.000    22.000
       075       057       021    39.000    21.000
       076       057       020    38.000    20.000
       077       057       019    38.000    19.000
       078       057       018    37.000    18.000
       079       057       017    37.000    17.000
       080       057       016    36.000    16.000
       081       057       015    36.000    15.000
       082       057       014    35.000    14.000
       083       057       013    35.000    13.000
       084       057       012    34.000    12.000
       085       057       011    34.000    11.000
       086       057       010    33.000    10.000
       087       057       009    33.000     9.000
       088       057       008    32.000     8.000
       089       057       007    32.000     7.000
       090       057       006    31.000     6.000
       091       057       005    31.000     5.000
       092       057       004    30.000     4.000
       093       057       003    30.000     3.000
       094       057       002    29.000     2.000
       095       057       001    29.000     1.000
       058       058       037    47.000    37.000
       059       058       036    47.000    36.000
       060       058       035    46.000    35.000
       061       058       034    46.000    34.000
       062       058       033    45.000    33.000
       063       058       032    45.000    32.000
       064       058       031    44.000    31.000
       065       058       030    44.000    30.000
       066       058       029    43.000    29.000
       067       058       028    43.000    28.000
       068       058       027    42.000    27.000
       069       058       026    42.000    26.000
       070       058       025    41.000    25.000
       071       058       024    41.000    24.000
       072       058       023    40.000    23.000
       073       058       022    40.000    22.000
       074       058       021    39.000    21.000
       075       058       020    39.000    20.000
       076       058       019    38.000    19.000
       077       058       018    38.000    18.000
       078       058       017    37.000    17.000
       079       058       016    37.000    16.000
       080       058       015    36.000    15.000
       081       058       014    36.000    14.000
       082       058       013    35.000    13.000
       083       058       012    35.000    12.000
       084       058       011    34.000    11.000
       085       058       010    34.000    10.000
       086       058       009    33.000     9.000
       087       058       008    33.000     8.000
       088       058       007    32.000     7.000
       089       058       006    32.000     6.000
       090       058       005    31.000     5.000
       091       058       004    31.000     4.000
       092       058       003    30.000     3.000
       093       058       002    30.000     2.000
       094       058       001    29.000     1.000
       059       059       035    47.000    35.000
       060       059       034    46.000    34.000
       061       059       033    46.000    33.000
       062       059       032    45.000    32.000
       063       059       031    45.000    31.000
       064       059       030    44.000    30.000
       065       059       029    44.000    29.000
       066       059       028    43.000    28.000
       067       059       027    43.000    27.000
       068       059       026    42.000    26.000
       069       059       025    42.000    25.000
       070       059       024    41.000    24.000
       071       059       023    41.000    23.000
       072       059       022    40.000    22.000
       073       059       021    40.000    21.000
       074       059       020    39.000    20.000
       075       059       019    39.000    19.000
       076       059       018    38.000    18.000
       077       059       017    38.000    17.000
       078       059       016    37.000    16.000
       079       059       015    37.000    15.000
       080       059       014    36.000    14.000
       081       059       013    36.000    13.000
       082       059       012    35.000    12.000
       083       059       011    35.000    11.000
       084       059       010    34.000    10.000
       085       059       009    34.000     9.000
       086       059       008    33.000     8.000
       087       059       007    33.000     7.000
       088       059       006    32.000     6.000
       089       059       005    32.000     5.000
       090       059       004    31.000     4.000
       091       059       003    31.000     3.000
       092       059       002    30.000     2.000
       093       059       001    30.000     1.000
       060       060       033    46.000    33.000
       061       060       032    46.000    32.000
       062       060       031    45.000    31.000
       063       060       030    45.000    30.000
       064       060       029    44.000    29.000
       065       060       028    44.000    28.000
       066       060       027    43.000    27.000
       067       060       026    43.000    26.000
       068       060       025    42.000    25.000
       069       060       024    42.000    24.000
       070       060       023    41.000    23.000
       071       060       022    41.000    22.000
       072       060       021    40.000    21.000
       073       060       020    40.000    20.000
       074       060       019    39.000    19.000
       075       060       018    39.000    18.000
       076       060       017    38.000    17.000
       077       060       016    38.000    16.000
       078       060       015    37.000    15.000
       079       060       014    37.000    14.000
       080       060       013    36.000    13.000
       081       060       012    36.000    12.000
       082       060       011    35.000    11.000
       083       060       010    35.000    10.000
       084       060       009    34.000     9.000
       085       060       008    34.000     8.000
       086       060       007    33.000     7.000
       087       060       006    33.000     6.000
       088       060       005    32.000     5.000
       089       060       004    32.000     4.000
       090       060       003    31.000     3.000
       091       060       002    31.000     2.000
       092       060       001    30.000     1.000
       061       061       031    46.000    31.000
       062       061       030    45.000    30.000
       063       061       029    45.000    29.000
       064       061       028    44.000    28.000
       065       061       027    44.000    27.000
       066       061       026    43.000    26.000
       067       061       025    43.000    25.000
       068       061       024    42.000    24.000
       069       061       023    42.000    23.000
       070       061       022    41.000    22.000
       071       061       021    41.000    21.000
       072       061       020    40.000    20.000
       073       061       019    40.000    19.000
       074       061       018    39.000    18.000
       075       061       017    39.000    17.000
       076       061       016    38.000    16.000
       077       061       015    38.000    15.000
       078       061       014    37.000    14.000
       079       061       013    37.000    13.000
       080       061       012    36.000    12.000
       081       061       011    36.000    11.000
       082       061       010    35.000    10.000
       083       061       009    35.000     9.000
       084       061       008    34.000     8.000
       085       061       007    34.000     7.000
       086       061       006    33.000     6.000
       087       061       005    33.000     5.000
       088       061       004    32.000     4.000
       089       061       003    32.000     3.000
       090       061       002    31.000     2.000
       091       061       001    31.000     1.000
       062       062       029    45.000    29.000
       063       062       028    45.000    28.000
       064       062       027    44.000    27.000
       065       062       026    44.000    26.000
       066       062       025    43.000    25.000
       067       062       024    43.000    24.000
       068       062       023    42.000    23.000
       069       062       022    42.000    22.000
       070       062       021    41.000    21.000
       071       062       020    41.000    20.000
       072       062       019    40.000    19.000
       073       062       018    40.000    18.000
       074       062       017    39.000    17.000
       075       062       016    39.000    16.000
       076       062       015    38.000    15.000
       077       062       014    38.000    14.000
       078       062       013    37.000    13.000
       079       062       012    37.000    12.000
       080       062       011    36.000    11.000
       081       062       010    36.000    10.000
       082       062       009    35.000     9.000
       083       062       008    35.000     8.000
       084       062       007    34.000     7.000
       085       062       006    34.000     6.000
       086       062       005    33.000     5.000
       087       062       004    33.000     4.000
       088       062       003    32.000     3.000
       089       062       002    32.000     2.000
       090       062       001    31.000     1.000
       063       063       027    45.000    27.000
       064       063       026    44.000    26.000
       065       063       025    44.000    25.000
       066       063       024    43.000    24.000
       067       063       023    43.000    23.000
       068       063       022    42.000    22.000
       069       063       021    42.000    21.000
       070       063       020    41.000    20.000
       071       063       019    41.000    19.000
       072       063       018    40.000    18.000
       073       063       017    40.000    17.000
       074       063       016    39.000    16.000
       075       063       015    39.000    15.000
       076       063       014    38.000    14.000
       077       063       013    38.000    13.000
       078       063       012    37.000    12.000
       079       063       011    37.000    11.000
       080       063       010    36.000    10.000
       081       063       009    36.000     9.000
       082       063       008    35.000     8.000
       083       063       007    35.000     7.000
       084       063       006    34.000     6.000
       085       063       005    34.000     5.000
       086       063       004    33.000     4.000
       087       063       003    33.000     3.000
       088       063       002    32.000     2.000
       089       063       001    32.000     1.000
       064       064       025    44.000    25.000
       065       064       024    44.000    24.000
       066       064       023    43.000    23.000
       067       064       022    43.000    22.000
       068       064       021    42.000    21.000
       069       064       020    42.000    20.000
       070       064       019    41.000    19.000
       071       064       018    41.000    18.000
       072       064       017    40.000    17.000
       073       064       016    40.000    16.000
       074       064       015    39.000    15.000
       075       064       014    39.000    14.000
       076       064       013    38.000    13.000
       077       064       012    38.000    12.000
       078       064       011    37.000    11.000
       079       064       010    37.000    10.000
       080       064       009    36.000     9.000
       081       064       008    36.000     8.000
       082       064       007    35.000     7.000
       083       064       006    35.000     6.000
       084       064       005    34.000     5.000
       085       064       004    34.000     4.000
       086       064       003    33.000     3.000
       087       064       002    33.000     2.000
       088       064       001    32.000     1.000
       065       065       023    44.000    23.000
       066       065       022    43.000    22.000
       067       065       021    43.000    21.000
       068       065       020    42.000    20.000
       069       065       019    42.000    19.000
       070       065       018    41.000    18.000
       071       065       017    41.000    17.000
       072       065       016    40.000    16.000
       073       065       015    40.000    15.000
       074       065       014    39.000    14.000
       075       065       013    39.000    13.000
       076       065       012    38.000    12.000
       077       065       011    38.000    11.000
       078       065       010    37.000    10.000
       079       065       009    37.000     9.000
       080       065       008    36.000     8.000
       081       065       007    36.000     7.000
       082       065       006    35.000     6.000
       083       065       005    35.000     5.000
       084       065       004    34.000     4.000
       085       065       003    34.000     3.000
       086       065       002    33.000     2.000
       087       065       001    33.000     1.000
       066       066       021    43.000    21.000
       067       066       020    43.000    20.000
       068       066       019    42.000    19.000
       069       066       018    42.000    18.000
       070       066       017    41.000    17.000
       071       066       016    41.000    16.000
       072       066       015    40.000    15.000
       073       066       014    40.000    14.000
       074       066       013    39.000    13.000
       075       066       012    39.000    12.000
       076       066       011    38.000    11.000
       077       066       010    38.000    10.000
       078       066       009    37.000     9.000
       079       066       008    37.000     8.000
       080       066       007    36.000     7.000
       081       066       006    36.000     6.000
       082       066       005    35.000     5.000
       083       066       004    35.000     4.000
       084       066       003    34.000     3.000
       085       066       002    34.000     2.000
       086       066       001    33.000     1.000
       067       067       019    43.000    19.000
       068       067       018    42.000    18.000
       069       067       017    42.000    17.000
       070       067       016    41.000    16.000
       071       067       015    41.000    15.000
       072       067       014    40.000    14.000
       073       067       013    40.000    13.000
       074       067       012    39.000    12.000
       075       067       011    39.000    11.000
       076       067       010    38.000    10.000
       077       067       009    38.000     9.000
       078       067       008    37.000     8.000
       079       067       007    37.000     7.000
       080       067       006    36.000     6.000
       081       067       005    36.000     5.000
       082       067       004    35.000     4.000
       083       067       003    35.000     3.000
       084       067       002    34.000     2.000
       085       067       001    34.000     1.000
       068       068       017    42.000    17.000
       069       068       016    42.000    16.000
       070       068       015    41.000    15.000
       071       068       014    41.000    14.000
       072       068       013    40.000    13.000
       073       068       012    40.000    12.000
       074       068       011    39.000    11.000
       075       068       010    39.000    10.000
       076       068       009    38.000     9.000
       077       068       008    38.000     8.000
       078       068       007    37.000     7.000
       079       068       006    37.000     6.000
       080       068       005    36.000     5.000
       081       068       004    36.000     4.000
       082       068       003    35.000     3.000
       083       068       002    35.000     2.000
       084       068       001    34.000     1.000
       069       069       015    42.000    15.000
       070       069       014    41.000    14.000
       071       069       013    41.000    13.000
       072       069       012    40.000    12.000
       073       069       011    40.000    11.000
       074       069       010    39.000    10.000
       075       069       009    39.000     9.000
       076       069       008    38.000     8.000
       077       069       007    38.000     7.000
       078       069       006    37.000     6.000
       079       069       005    37.000     5.000
       080       069       004    36.000     4.000
       081       069       003    36.000     3.000
       082       069       002    35.000     2.000
       083       069       001    35.000     1.000
       070       070       013    41.000    13.000
       071       070       012    41.000    12.000
       072       070       011    40.000    11.000
       073       070       010    40.000    10.000
       074       070       009    39.000     9.000
       075       070       008    39.000     8.000
       076       070       007    38.000     7.000
       077       070       006    38.000     6.000
       078       070       005    37.000     5.000
       079       070       004    37.000     4.000
       080       070       003    36.000     3.000
       081       070       002    36.000     2.000
       082       070       001    35.000     1.000
       071       071       011    41.000    11.000
       072       071       010    40.000    10.000
       073       071       009    40.000     9.000
       074       071       008    39.000     8.000
       075       071       007    39.000     7.000
       076       071       006    38.000     6.000
       077       071       005    38.000     5.000
       078       071       004    37.000     4.000
       079       071       003    37.000     3.000
       080       071       002    36.000     2.000
       081       071       001    36.000     1.000
       072       072       009    40.000     9.000
       073       072       008    40.000     8.000
       074       072       007    39.000     7.000
       075       072       006    39.000     6.000
       076       072       005    38.000     5.000
       077       072       004    38.000     4.000
       078       072       003    37.000     3.000
       079       072       002    37.000     2.000
       080       072       001    36.000     1.000
       073       073       007    40.000     7.000
       074       073       006    39.000     6.000
       075       073       005    39.000     5.000
       076       073       004    38.000     4.000
       077       073       003    38.000     3.000
       078       073       002    37.000     2.000
       079       073       001    37.000     1.000
       074       074       005    39.000     5.000
       075       074       004    39.000     4.000
       076       074       003    38.000     3.000
       077       074       002    38.000     2.000
       078       074       001    37.000     1.000
       075       075       003    39.000     3.000
       076       075       002    38.000     2.000
       077       075       001    38.000     1.000
       076       076       001    38.000     1.000
