    3.0000    3.0045    0.0045         9         8    0.6688
    3.0000    2.9907    0.0093         9         8    0.6761
    3.0000    3.0051    0.0051         9         8    0.6986
    3.0000    2.9961    0.0039         9         8    0.7309
    3.0000    3.0040    0.0040         9         8    0.7525
    3.0000    3.0062    0.0062         9         8    0.7757
    3.0000    3.0045    0.0045         9         8    0.7999
    3.0000    3.0002    0.0002         9         8    0.8248
    3.0000    2.9945    0.0055         9         8    0.8502
    3.0000    3.0094    0.0094         9         8    0.9040
    3.0000    3.0043    0.0043         9         8    0.9279
    3.0000    3.0009    0.0009         9         8    0.9508
    3.0000    2.9995    0.0005         9         8    0.9723
    3.0000    3.0005    0.0005         9         8    0.9923
    3.0000    3.0042    0.0042         9         8    1.0103
    3.0000    2.9920    0.0080         9         8    1.0430
    3.0000    3.0043    0.0043         9         8    1.0546
    3.0000    2.9905    0.0095         9         8    1.0689
    3.0000    3.0088    0.0088         9         8    1.0758
    3.0000    3.0003    0.0003         9         8    1.0868
    3.0000    2.9943    0.0057         9         8    1.0963
    3.0000    2.9909    0.0091         9         8    1.1041
    3.0000    2.9900    0.0100         9         8    1.1103
    3.0000    2.9918    0.0082         9         8    1.1146
    3.0000    2.9961    0.0039         9         8    1.1172
    3.0000    3.0031    0.0031         9         8    1.1179
    3.0000    2.9931    0.0069         9         8    1.1245
    3.0000    3.0076    0.0076         9         8    1.1200
