    0.6123    0.2939    0.0000
    0.6062    0.3000    0.0000
    0.6001    0.3062    0.0000
    0.5940    0.3123    0.0000
    0.5878    0.3184    0.0000
    0.5817    0.3245    0.0000
    0.5756    0.3307    0.0000
    0.5695    0.3368    0.0000
    0.5633    0.3429    0.0000
    0.5572    0.3490    0.0000
    0.5511    0.3551    0.0000
    0.5450    0.3613    0.0000
    0.5388    0.3674    0.0000
    0.5327    0.3735    0.0000
    0.5266    0.3796    0.0000
    0.5205    0.3858    0.0000
    0.5144    0.3919    0.0000
    0.5082    0.3980    0.0000
    0.5021    0.4041    0.0000
    0.4960    0.4103    0.0000
    0.4899    0.4164    0.0000
    0.4837    0.4225    0.0000
    0.4776    0.4286    0.0000
    0.4715    0.4347    0.0000
    0.4654    0.4409    0.0000
    0.4592    0.4470    0.0000
    0.4531    0.4531    0.0000
    0.6123    0.2878    0.0061
    0.6062    0.2939    0.0061
    0.6001    0.3000    0.0061
    0.5940    0.3062    0.0061
    0.5878    0.3123    0.0061
    0.5817    0.3184    0.0061
    0.5756    0.3245    0.0061
    0.5695    0.3307    0.0061
    0.5633    0.3368    0.0061
    0.5572    0.3429    0.0061
    0.5511    0.3490    0.0061
    0.5450    0.3551    0.0061
    0.5388    0.3613    0.0061
    0.5327    0.3674    0.0061
    0.5266    0.3735    0.0061
    0.5205    0.3796    0.0061
    0.5144    0.3858    0.0061
    0.5082    0.3919    0.0061
    0.5021    0.3980    0.0061
    0.4960    0.4041    0.0061
    0.4899    0.4103    0.0061
    0.4837    0.4164    0.0061
    0.4776    0.4225    0.0061
    0.4715    0.4286    0.0061
    0.4654    0.4347    0.0061
    0.4592    0.4409    0.0061
    0.4531    0.4470    0.0061
    0.6123    0.2817    0.0122
    0.6062    0.2878    0.0122
    0.6001    0.2939    0.0122
    0.5940    0.3000    0.0122
    0.5878    0.3062    0.0122
    0.5817    0.3123    0.0122
    0.5756    0.3184    0.0122
    0.5695    0.3245    0.0122
    0.5633    0.3307    0.0122
    0.5572    0.3368    0.0122
    0.5511    0.3429    0.0122
    0.5450    0.3490    0.0122
    0.5388    0.3551    0.0122
    0.5327    0.3613    0.0122
    0.5266    0.3674    0.0122
    0.5205    0.3735    0.0122
    0.5144    0.3796    0.0122
    0.5082    0.3858    0.0122
    0.5021    0.3919    0.0122
    0.4960    0.3980    0.0122
    0.4899    0.4041    0.0122
    0.4837    0.4103    0.0122
    0.4776    0.4164    0.0122
    0.4715    0.4225    0.0122
    0.4654    0.4286    0.0122
    0.4592    0.4347    0.0122
    0.4531    0.4409    0.0122
    0.4470    0.4470    0.0122
    0.6123    0.2755    0.0184
    0.6062    0.2817    0.0184
    0.6001    0.2878    0.0184
    0.5940    0.2939    0.0184
    0.5878    0.3000    0.0184
    0.5817    0.3062    0.0184
    0.5756    0.3123    0.0184
    0.5695    0.3184    0.0184
    0.5633    0.3245    0.0184
    0.5572    0.3307    0.0184
    0.5511    0.3368    0.0184
    0.5450    0.3429    0.0184
    0.5388    0.3490    0.0184
    0.5327    0.3551    0.0184
    0.5266    0.3613    0.0184
    0.5205    0.3674    0.0184
    0.5144    0.3735    0.0184
    0.5082    0.3796    0.0184
    0.5021    0.3858    0.0184
    0.4960    0.3919    0.0184
    0.4899    0.3980    0.0184
    0.4837    0.4041    0.0184
    0.4776    0.4103    0.0184
    0.4715    0.4164    0.0184
    0.4654    0.4225    0.0184
    0.4592    0.4286    0.0184
    0.4531    0.4347    0.0184
    0.4470    0.4409    0.0184
    0.6123    0.2694    0.0245
    0.6062    0.2755    0.0245
    0.6001    0.2817    0.0245
    0.5940    0.2878    0.0245
    0.5878    0.2939    0.0245
    0.5817    0.3000    0.0245
    0.5756    0.3062    0.0245
    0.5695    0.3123    0.0245
    0.5633    0.3184    0.0245
    0.5572    0.3245    0.0245
    0.5511    0.3307    0.0245
    0.5450    0.3368    0.0245
    0.5388    0.3429    0.0245
    0.5327    0.3490    0.0245
    0.5266    0.3551    0.0245
    0.5205    0.3613    0.0245
    0.5144    0.3674    0.0245
    0.5082    0.3735    0.0245
    0.5021    0.3796    0.0245
    0.4960    0.3858    0.0245
    0.4899    0.3919    0.0245
    0.4837    0.3980    0.0245
    0.4776    0.4041    0.0245
    0.4715    0.4103    0.0245
    0.4654    0.4164    0.0245
    0.4592    0.4225    0.0245
    0.4531    0.4286    0.0245
    0.4470    0.4347    0.0245
    0.4409    0.4409    0.0245
    0.6123    0.2633    0.0306
    0.6062    0.2694    0.0306
    0.6001    0.2755    0.0306
    0.5940    0.2817    0.0306
    0.5878    0.2878    0.0306
    0.5817    0.2939    0.0306
    0.5756    0.3000    0.0306
    0.5695    0.3062    0.0306
    0.5633    0.3123    0.0306
    0.5572    0.3184    0.0306
    0.5511    0.3245    0.0306
    0.5450    0.3307    0.0306
    0.5388    0.3368    0.0306
    0.5327    0.3429    0.0306
    0.5266    0.3490    0.0306
    0.5205    0.3551    0.0306
    0.5144    0.3613    0.0306
    0.5082    0.3674    0.0306
    0.5021    0.3735    0.0306
    0.4960    0.3796    0.0306
    0.4899    0.3858    0.0306
    0.4837    0.3919    0.0306
    0.4776    0.3980    0.0306
    0.4715    0.4041    0.0306
    0.4654    0.4103    0.0306
    0.4592    0.4164    0.0306
    0.4531    0.4225    0.0306
    0.4470    0.4286    0.0306
    0.4409    0.4347    0.0306
    0.6123    0.2572    0.0367
    0.6062    0.2633    0.0367
    0.6001    0.2694    0.0367
    0.5940    0.2755    0.0367
    0.5878    0.2817    0.0367
    0.5817    0.2878    0.0367
    0.5756    0.2939    0.0367
    0.5695    0.3000    0.0367
    0.5633    0.3062    0.0367
    0.5572    0.3123    0.0367
    0.5511    0.3184    0.0367
    0.5450    0.3245    0.0367
    0.5388    0.3307    0.0367
    0.5327    0.3368    0.0367
    0.5266    0.3429    0.0367
    0.5205    0.3490    0.0367
    0.5144    0.3551    0.0367
    0.5082    0.3613    0.0367
    0.5021    0.3674    0.0367
    0.4960    0.3735    0.0367
    0.4899    0.3796    0.0367
    0.4837    0.3858    0.0367
    0.4776    0.3919    0.0367
    0.4715    0.3980    0.0367
    0.4654    0.4041    0.0367
    0.4592    0.4103    0.0367
    0.4531    0.4164    0.0367
    0.4470    0.4225    0.0367
    0.4409    0.4286    0.0367
    0.4347    0.4347    0.0367
    0.6123    0.2511    0.0429
    0.6062    0.2572    0.0429
    0.6001    0.2633    0.0429
    0.5940    0.2694    0.0429
    0.5878    0.2755    0.0429
    0.5817    0.2817    0.0429
    0.5756    0.2878    0.0429
    0.5695    0.2939    0.0429
    0.5633    0.3000    0.0429
    0.5572    0.3062    0.0429
    0.5511    0.3123    0.0429
    0.5450    0.3184    0.0429
    0.5388    0.3245    0.0429
    0.5327    0.3307    0.0429
    0.5266    0.3368    0.0429
    0.5205    0.3429    0.0429
    0.5144    0.3490    0.0429
    0.5082    0.3551    0.0429
    0.5021    0.3613    0.0429
    0.4960    0.3674    0.0429
    0.4899    0.3735    0.0429
    0.4837    0.3796    0.0429
    0.4776    0.3858    0.0429
    0.4715    0.3919    0.0429
    0.4654    0.3980    0.0429
    0.4592    0.4041    0.0429
    0.4531    0.4103    0.0429
    0.4470    0.4164    0.0429
    0.4409    0.4225    0.0429
    0.4347    0.4286    0.0429
    0.6123    0.2449    0.0490
    0.6062    0.2511    0.0490
    0.6001    0.2572    0.0490
    0.5940    0.2633    0.0490
    0.5878    0.2694    0.0490
    0.5817    0.2755    0.0490
    0.5756    0.2817    0.0490
    0.5695    0.2878    0.0490
    0.5633    0.2939    0.0490
    0.5572    0.3000    0.0490
    0.5511    0.3062    0.0490
    0.5450    0.3123    0.0490
    0.5388    0.3184    0.0490
    0.5327    0.3245    0.0490
    0.5266    0.3307    0.0490
    0.5205    0.3368    0.0490
    0.5144    0.3429    0.0490
    0.5082    0.3490    0.0490
    0.5021    0.3551    0.0490
    0.4960    0.3613    0.0490
    0.4899    0.3674    0.0490
    0.4837    0.3735    0.0490
    0.4776    0.3796    0.0490
    0.4715    0.3858    0.0490
    0.4654    0.3919    0.0490
    0.4592    0.3980    0.0490
    0.4531    0.4041    0.0490
    0.4470    0.4103    0.0490
    0.4409    0.4164    0.0490
    0.4347    0.4225    0.0490
    0.4286    0.4286    0.0490
    0.6123    0.2388    0.0551
    0.6062    0.2449    0.0551
    0.6001    0.2511    0.0551
    0.5940    0.2572    0.0551
    0.5878    0.2633    0.0551
    0.5817    0.2694    0.0551
    0.5756    0.2755    0.0551
    0.5695    0.2817    0.0551
    0.5633    0.2878    0.0551
    0.5572    0.2939    0.0551
    0.5511    0.3000    0.0551
    0.5450    0.3062    0.0551
    0.5388    0.3123    0.0551
    0.5327    0.3184    0.0551
    0.5266    0.3245    0.0551
    0.5205    0.3307    0.0551
    0.5144    0.3368    0.0551
    0.5082    0.3429    0.0551
    0.5021    0.3490    0.0551
    0.4960    0.3551    0.0551
    0.4899    0.3613    0.0551
    0.4837    0.3674    0.0551
    0.4776    0.3735    0.0551
    0.4715    0.3796    0.0551
    0.4654    0.3858    0.0551
    0.4592    0.3919    0.0551
    0.4531    0.3980    0.0551
    0.4470    0.4041    0.0551
    0.4409    0.4103    0.0551
    0.4347    0.4164    0.0551
    0.4286    0.4225    0.0551
    0.6123    0.2327    0.0612
    0.6062    0.2388    0.0612
    0.6001    0.2449    0.0612
    0.5940    0.2511    0.0612
    0.5878    0.2572    0.0612
    0.5817    0.2633    0.0612
    0.5756    0.2694    0.0612
    0.5695    0.2755    0.0612
    0.5633    0.2817    0.0612
    0.5572    0.2878    0.0612
    0.5511    0.2939    0.0612
    0.5450    0.3000    0.0612
    0.5388    0.3062    0.0612
    0.5327    0.3123    0.0612
    0.5266    0.3184    0.0612
    0.5205    0.3245    0.0612
    0.5144    0.3307    0.0612
    0.5082    0.3368    0.0612
    0.5021    0.3429    0.0612
    0.4960    0.3490    0.0612
    0.4899    0.3551    0.0612
    0.4837    0.3613    0.0612
    0.4776    0.3674    0.0612
    0.4715    0.3735    0.0612
    0.4654    0.3796    0.0612
    0.4592    0.3858    0.0612
    0.4531    0.3919    0.0612
    0.4470    0.3980    0.0612
    0.4409    0.4041    0.0612
    0.4347    0.4103    0.0612
    0.4286    0.4164    0.0612
    0.4225    0.4225    0.0612
    0.6123    0.2266    0.0674
    0.6062    0.2327    0.0674
    0.6001    0.2388    0.0674
    0.5940    0.2449    0.0674
    0.5878    0.2511    0.0674
    0.5817    0.2572    0.0674
    0.5756    0.2633    0.0674
    0.5695    0.2694    0.0674
    0.5633    0.2755    0.0674
    0.5572    0.2817    0.0674
    0.5511    0.2878    0.0674
    0.5450    0.2939    0.0674
    0.5388    0.3000    0.0674
    0.5327    0.3062    0.0674
    0.5266    0.3123    0.0674
    0.5205    0.3184    0.0674
    0.5144    0.3245    0.0674
    0.5082    0.3307    0.0674
    0.5021    0.3368    0.0674
    0.4960    0.3429    0.0674
    0.4899    0.3490    0.0674
    0.4837    0.3551    0.0674
    0.4776    0.3613    0.0674
    0.4715    0.3674    0.0674
    0.4654    0.3735    0.0674
    0.4592    0.3796    0.0674
    0.4531    0.3858    0.0674
    0.4470    0.3919    0.0674
    0.4409    0.3980    0.0674
    0.4347    0.4041    0.0674
    0.4286    0.4103    0.0674
    0.4225    0.4164    0.0674
    0.6123    0.2204    0.0735
    0.6062    0.2266    0.0735
    0.6001    0.2327    0.0735
    0.5940    0.2388    0.0735
    0.5878    0.2449    0.0735
    0.5817    0.2511    0.0735
    0.5756    0.2572    0.0735
    0.5695    0.2633    0.0735
    0.5633    0.2694    0.0735
    0.5572    0.2755    0.0735
    0.5511    0.2817    0.0735
    0.5450    0.2878    0.0735
    0.5388    0.2939    0.0735
    0.5327    0.3000    0.0735
    0.5266    0.3062    0.0735
    0.5205    0.3123    0.0735
    0.5144    0.3184    0.0735
    0.5082    0.3245    0.0735
    0.5021    0.3307    0.0735
    0.4960    0.3368    0.0735
    0.4899    0.3429    0.0735
    0.4837    0.3490    0.0735
    0.4776    0.3551    0.0735
    0.4715    0.3613    0.0735
    0.4654    0.3674    0.0735
    0.4592    0.3735    0.0735
    0.4531    0.3796    0.0735
    0.4470    0.3858    0.0735
    0.4409    0.3919    0.0735
    0.4347    0.3980    0.0735
    0.4286    0.4041    0.0735
    0.4225    0.4103    0.0735
    0.4164    0.4164    0.0735
    0.6123    0.2143    0.0796
    0.6062    0.2204    0.0796
    0.6001    0.2266    0.0796
    0.5940    0.2327    0.0796
    0.5878    0.2388    0.0796
    0.5817    0.2449    0.0796
    0.5756    0.2511    0.0796
    0.5695    0.2572    0.0796
    0.5633    0.2633    0.0796
    0.5572    0.2694    0.0796
    0.5511    0.2755    0.0796
    0.5450    0.2817    0.0796
    0.5388    0.2878    0.0796
    0.5327    0.2939    0.0796
    0.5266    0.3000    0.0796
    0.5205    0.3062    0.0796
    0.5144    0.3123    0.0796
    0.5082    0.3184    0.0796
    0.5021    0.3245    0.0796
    0.4960    0.3307    0.0796
    0.4899    0.3368    0.0796
    0.4837    0.3429    0.0796
    0.4776    0.3490    0.0796
    0.4715    0.3551    0.0796
    0.4654    0.3613    0.0796
    0.4592    0.3674    0.0796
    0.4531    0.3735    0.0796
    0.4470    0.3796    0.0796
    0.4409    0.3858    0.0796
    0.4347    0.3919    0.0796
    0.4286    0.3980    0.0796
    0.4225    0.4041    0.0796
    0.4164    0.4103    0.0796
    0.6123    0.2082    0.0857
    0.6062    0.2143    0.0857
    0.6001    0.2204    0.0857
    0.5940    0.2266    0.0857
    0.5878    0.2327    0.0857
    0.5817    0.2388    0.0857
    0.5756    0.2449    0.0857
    0.5695    0.2511    0.0857
    0.5633    0.2572    0.0857
    0.5572    0.2633    0.0857
    0.5511    0.2694    0.0857
    0.5450    0.2755    0.0857
    0.5388    0.2817    0.0857
    0.5327    0.2878    0.0857
    0.5266    0.2939    0.0857
    0.5205    0.3000    0.0857
    0.5144    0.3062    0.0857
    0.5082    0.3123    0.0857
    0.5021    0.3184    0.0857
    0.4960    0.3245    0.0857
    0.4899    0.3307    0.0857
    0.4837    0.3368    0.0857
    0.4776    0.3429    0.0857
    0.4715    0.3490    0.0857
    0.4654    0.3551    0.0857
    0.4592    0.3613    0.0857
    0.4531    0.3674    0.0857
    0.4470    0.3735    0.0857
    0.4409    0.3796    0.0857
    0.4347    0.3858    0.0857
    0.4286    0.3919    0.0857
    0.4225    0.3980    0.0857
    0.4164    0.4041    0.0857
    0.4103    0.4103    0.0857
    0.6123    0.2021    0.0918
    0.6062    0.2082    0.0918
    0.6001    0.2143    0.0918
    0.5940    0.2204    0.0918
    0.5878    0.2266    0.0918
    0.5817    0.2327    0.0918
    0.5756    0.2388    0.0918
    0.5695    0.2449    0.0918
    0.5633    0.2511    0.0918
    0.5572    0.2572    0.0918
    0.5511    0.2633    0.0918
    0.5450    0.2694    0.0918
    0.5388    0.2755    0.0918
    0.5327    0.2817    0.0918
    0.5266    0.2878    0.0918
    0.5205    0.2939    0.0918
    0.5144    0.3000    0.0918
    0.5082    0.3062    0.0918
    0.5021    0.3123    0.0918
    0.4960    0.3184    0.0918
    0.4899    0.3245    0.0918
    0.4837    0.3307    0.0918
    0.4776    0.3368    0.0918
    0.4715    0.3429    0.0918
    0.4654    0.3490    0.0918
    0.4592    0.3551    0.0918
    0.4531    0.3613    0.0918
    0.4470    0.3674    0.0918
    0.4409    0.3735    0.0918
    0.4347    0.3796    0.0918
    0.4286    0.3858    0.0918
    0.4225    0.3919    0.0918
    0.4164    0.3980    0.0918
    0.4103    0.4041    0.0918
    0.6123    0.1959    0.0980
    0.6062    0.2021    0.0980
    0.6001    0.2082    0.0980
    0.5940    0.2143    0.0980
    0.5878    0.2204    0.0980
    0.5817    0.2266    0.0980
    0.5756    0.2327    0.0980
    0.5695    0.2388    0.0980
    0.5633    0.2449    0.0980
    0.5572    0.2511    0.0980
    0.5511    0.2572    0.0980
    0.5450    0.2633    0.0980
    0.5388    0.2694    0.0980
    0.5327    0.2755    0.0980
    0.5266    0.2817    0.0980
    0.5205    0.2878    0.0980
    0.5144    0.2939    0.0980
    0.5082    0.3000    0.0980
    0.5021    0.3062    0.0980
    0.4960    0.3123    0.0980
    0.4899    0.3184    0.0980
    0.4837    0.3245    0.0980
    0.4776    0.3307    0.0980
    0.4715    0.3368    0.0980
    0.4654    0.3429    0.0980
    0.4592    0.3490    0.0980
    0.4531    0.3551    0.0980
    0.4470    0.3613    0.0980
    0.4409    0.3674    0.0980
    0.4347    0.3735    0.0980
    0.4286    0.3796    0.0980
    0.4225    0.3858    0.0980
    0.4164    0.3919    0.0980
    0.4103    0.3980    0.0980
    0.4041    0.4041    0.0980
    0.6123    0.1898    0.1041
    0.6062    0.1959    0.1041
    0.6001    0.2021    0.1041
    0.5940    0.2082    0.1041
    0.5878    0.2143    0.1041
    0.5817    0.2204    0.1041
    0.5756    0.2266    0.1041
    0.5695    0.2327    0.1041
    0.5633    0.2388    0.1041
    0.5572    0.2449    0.1041
    0.5511    0.2511    0.1041
    0.5450    0.2572    0.1041
    0.5388    0.2633    0.1041
    0.5327    0.2694    0.1041
    0.5266    0.2755    0.1041
    0.5205    0.2817    0.1041
    0.5144    0.2878    0.1041
    0.5082    0.2939    0.1041
    0.5021    0.3000    0.1041
    0.4960    0.3062    0.1041
    0.4899    0.3123    0.1041
    0.4837    0.3184    0.1041
    0.4776    0.3245    0.1041
    0.4715    0.3307    0.1041
    0.4654    0.3368    0.1041
    0.4592    0.3429    0.1041
    0.4531    0.3490    0.1041
    0.4470    0.3551    0.1041
    0.4409    0.3613    0.1041
    0.4347    0.3674    0.1041
    0.4286    0.3735    0.1041
    0.4225    0.3796    0.1041
    0.4164    0.3858    0.1041
    0.4103    0.3919    0.1041
    0.4041    0.3980    0.1041
    0.6123    0.1837    0.1102
    0.6062    0.1898    0.1102
    0.6001    0.1959    0.1102
    0.5940    0.2021    0.1102
    0.5878    0.2082    0.1102
    0.5817    0.2143    0.1102
    0.5756    0.2204    0.1102
    0.5695    0.2266    0.1102
    0.5633    0.2327    0.1102
    0.5572    0.2388    0.1102
    0.5511    0.2449    0.1102
    0.5450    0.2511    0.1102
    0.5388    0.2572    0.1102
    0.5327    0.2633    0.1102
    0.5266    0.2694    0.1102
    0.5205    0.2755    0.1102
    0.5144    0.2817    0.1102
    0.5082    0.2878    0.1102
    0.5021    0.2939    0.1102
    0.4960    0.3000    0.1102
    0.4899    0.3062    0.1102
    0.4837    0.3123    0.1102
    0.4776    0.3184    0.1102
    0.4715    0.3245    0.1102
    0.4654    0.3307    0.1102
    0.4592    0.3368    0.1102
    0.4531    0.3429    0.1102
    0.4470    0.3490    0.1102
    0.4409    0.3551    0.1102
    0.4347    0.3613    0.1102
    0.4286    0.3674    0.1102
    0.4225    0.3735    0.1102
    0.4164    0.3796    0.1102
    0.4103    0.3858    0.1102
    0.4041    0.3919    0.1102
    0.3980    0.3980    0.1102
    0.6123    0.1776    0.1163
    0.6062    0.1837    0.1163
    0.6001    0.1898    0.1163
    0.5940    0.1959    0.1163
    0.5878    0.2021    0.1163
    0.5817    0.2082    0.1163
    0.5756    0.2143    0.1163
    0.5695    0.2204    0.1163
    0.5633    0.2266    0.1163
    0.5572    0.2327    0.1163
    0.5511    0.2388    0.1163
    0.5450    0.2449    0.1163
    0.5388    0.2511    0.1163
    0.5327    0.2572    0.1163
    0.5266    0.2633    0.1163
    0.5205    0.2694    0.1163
    0.5144    0.2755    0.1163
    0.5082    0.2817    0.1163
    0.5021    0.2878    0.1163
    0.4960    0.2939    0.1163
    0.4899    0.3000    0.1163
    0.4837    0.3062    0.1163
    0.4776    0.3123    0.1163
    0.4715    0.3184    0.1163
    0.4654    0.3245    0.1163
    0.4592    0.3307    0.1163
    0.4531    0.3368    0.1163
    0.4470    0.3429    0.1163
    0.4409    0.3490    0.1163
    0.4347    0.3551    0.1163
    0.4286    0.3613    0.1163
    0.4225    0.3674    0.1163
    0.4164    0.3735    0.1163
    0.4103    0.3796    0.1163
    0.4041    0.3858    0.1163
    0.3980    0.3919    0.1163
    0.6123    0.1715    0.1225
    0.6062    0.1776    0.1225
    0.6001    0.1837    0.1225
    0.5940    0.1898    0.1225
    0.5878    0.1959    0.1225
    0.5817    0.2021    0.1225
    0.5756    0.2082    0.1225
    0.5695    0.2143    0.1225
    0.5633    0.2204    0.1225
    0.5572    0.2266    0.1225
    0.5511    0.2327    0.1225
    0.5450    0.2388    0.1225
    0.5388    0.2449    0.1225
    0.5327    0.2511    0.1225
    0.5266    0.2572    0.1225
    0.5205    0.2633    0.1225
    0.5144    0.2694    0.1225
    0.5082    0.2755    0.1225
    0.5021    0.2817    0.1225
    0.4960    0.2878    0.1225
    0.4899    0.2939    0.1225
    0.4837    0.3000    0.1225
    0.4776    0.3062    0.1225
    0.4715    0.3123    0.1225
    0.4654    0.3184    0.1225
    0.4592    0.3245    0.1225
    0.4531    0.3307    0.1225
    0.4470    0.3368    0.1225
    0.4409    0.3429    0.1225
    0.4347    0.3490    0.1225
    0.4286    0.3551    0.1225
    0.4225    0.3613    0.1225
    0.4164    0.3674    0.1225
    0.4103    0.3735    0.1225
    0.4041    0.3796    0.1225
    0.3980    0.3858    0.1225
    0.3919    0.3919    0.1225
    0.6123    0.1653    0.1286
    0.6062    0.1715    0.1286
    0.6001    0.1776    0.1286
    0.5940    0.1837    0.1286
    0.5878    0.1898    0.1286
    0.5817    0.1959    0.1286
    0.5756    0.2021    0.1286
    0.5695    0.2082    0.1286
    0.5633    0.2143    0.1286
    0.5572    0.2204    0.1286
    0.5511    0.2266    0.1286
    0.5450    0.2327    0.1286
    0.5388    0.2388    0.1286
    0.5327    0.2449    0.1286
    0.5266    0.2511    0.1286
    0.5205    0.2572    0.1286
    0.5144    0.2633    0.1286
    0.5082    0.2694    0.1286
    0.5021    0.2755    0.1286
    0.4960    0.2817    0.1286
    0.4899    0.2878    0.1286
    0.4837    0.2939    0.1286
    0.4776    0.3000    0.1286
    0.4715    0.3062    0.1286
    0.4654    0.3123    0.1286
    0.4592    0.3184    0.1286
    0.4531    0.3245    0.1286
    0.4470    0.3307    0.1286
    0.4409    0.3368    0.1286
    0.4347    0.3429    0.1286
    0.4286    0.3490    0.1286
    0.4225    0.3551    0.1286
    0.4164    0.3613    0.1286
    0.4103    0.3674    0.1286
    0.4041    0.3735    0.1286
    0.3980    0.3796    0.1286
    0.3919    0.3858    0.1286
    0.6123    0.1592    0.1347
    0.6062    0.1653    0.1347
    0.6001    0.1715    0.1347
    0.5940    0.1776    0.1347
    0.5878    0.1837    0.1347
    0.5817    0.1898    0.1347
    0.5756    0.1959    0.1347
    0.5695    0.2021    0.1347
    0.5633    0.2082    0.1347
    0.5572    0.2143    0.1347
    0.5511    0.2204    0.1347
    0.5450    0.2266    0.1347
    0.5388    0.2327    0.1347
    0.5327    0.2388    0.1347
    0.5266    0.2449    0.1347
    0.5205    0.2511    0.1347
    0.5144    0.2572    0.1347
    0.5082    0.2633    0.1347
    0.5021    0.2694    0.1347
    0.4960    0.2755    0.1347
    0.4899    0.2817    0.1347
    0.4837    0.2878    0.1347
    0.4776    0.2939    0.1347
    0.4715    0.3000    0.1347
    0.4654    0.3062    0.1347
    0.4592    0.3123    0.1347
    0.4531    0.3184    0.1347
    0.4470    0.3245    0.1347
    0.4409    0.3307    0.1347
    0.4347    0.3368    0.1347
    0.4286    0.3429    0.1347
    0.4225    0.3490    0.1347
    0.4164    0.3551    0.1347
    0.4103    0.3613    0.1347
    0.4041    0.3674    0.1347
    0.3980    0.3735    0.1347
    0.3919    0.3796    0.1347
    0.3858    0.3858    0.1347
    0.6123    0.1531    0.1408
    0.6062    0.1592    0.1408
    0.6001    0.1653    0.1408
    0.5940    0.1715    0.1408
    0.5878    0.1776    0.1408
    0.5817    0.1837    0.1408
    0.5756    0.1898    0.1408
    0.5695    0.1959    0.1408
    0.5633    0.2021    0.1408
    0.5572    0.2082    0.1408
    0.5511    0.2143    0.1408
    0.5450    0.2204    0.1408
    0.5388    0.2266    0.1408
    0.5327    0.2327    0.1408
    0.5266    0.2388    0.1408
    0.5205    0.2449    0.1408
    0.5144    0.2511    0.1408
    0.5082    0.2572    0.1408
    0.5021    0.2633    0.1408
    0.4960    0.2694    0.1408
    0.4899    0.2755    0.1408
    0.4837    0.2817    0.1408
    0.4776    0.2878    0.1408
    0.4715    0.2939    0.1408
    0.4654    0.3000    0.1408
    0.4592    0.3062    0.1408
    0.4531    0.3123    0.1408
    0.4470    0.3184    0.1408
    0.4409    0.3245    0.1408
    0.4347    0.3307    0.1408
    0.4286    0.3368    0.1408
    0.4225    0.3429    0.1408
    0.4164    0.3490    0.1408
    0.4103    0.3551    0.1408
    0.4041    0.3613    0.1408
    0.3980    0.3674    0.1408
    0.3919    0.3735    0.1408
    0.3858    0.3796    0.1408
    0.6123    0.1470    0.1470
    0.6062    0.1531    0.1470
    0.6001    0.1592    0.1470
    0.5940    0.1653    0.1470
    0.5878    0.1715    0.1470
    0.5817    0.1776    0.1470
    0.5756    0.1837    0.1470
    0.5695    0.1898    0.1470
    0.5633    0.1959    0.1470
    0.5572    0.2021    0.1470
    0.5511    0.2082    0.1470
    0.5450    0.2143    0.1470
    0.5388    0.2204    0.1470
    0.5327    0.2266    0.1470
    0.5266    0.2327    0.1470
    0.5205    0.2388    0.1470
    0.5144    0.2449    0.1470
    0.5082    0.2511    0.1470
    0.5021    0.2572    0.1470
    0.4960    0.2633    0.1470
    0.4899    0.2694    0.1470
    0.4837    0.2755    0.1470
    0.4776    0.2817    0.1470
    0.4715    0.2878    0.1470
    0.4654    0.2939    0.1470
    0.4592    0.3000    0.1470
    0.4531    0.3062    0.1470
    0.4470    0.3123    0.1470
    0.4409    0.3184    0.1470
    0.4347    0.3245    0.1470
    0.4286    0.3307    0.1470
    0.4225    0.3368    0.1470
    0.4164    0.3429    0.1470
    0.4103    0.3490    0.1470
    0.4041    0.3551    0.1470
    0.3980    0.3613    0.1470
    0.3919    0.3674    0.1470
    0.3858    0.3735    0.1470
    0.3796    0.3796    0.1470
    0.6001    0.1531    0.1531
    0.5940    0.1592    0.1531
    0.5878    0.1653    0.1531
    0.5817    0.1715    0.1531
    0.5756    0.1776    0.1531
    0.5695    0.1837    0.1531
    0.5633    0.1898    0.1531
    0.5572    0.1959    0.1531
    0.5511    0.2021    0.1531
    0.5450    0.2082    0.1531
    0.5388    0.2143    0.1531
    0.5327    0.2204    0.1531
    0.5266    0.2266    0.1531
    0.5205    0.2327    0.1531
    0.5144    0.2388    0.1531
    0.5082    0.2449    0.1531
    0.5021    0.2511    0.1531
    0.4960    0.2572    0.1531
    0.4899    0.2633    0.1531
    0.4837    0.2694    0.1531
    0.4776    0.2755    0.1531
    0.4715    0.2817    0.1531
    0.4654    0.2878    0.1531
    0.4592    0.2939    0.1531
    0.4531    0.3000    0.1531
    0.4470    0.3062    0.1531
    0.4409    0.3123    0.1531
    0.4347    0.3184    0.1531
    0.4286    0.3245    0.1531
    0.4225    0.3307    0.1531
    0.4164    0.3368    0.1531
    0.4103    0.3429    0.1531
    0.4041    0.3490    0.1531
    0.3980    0.3551    0.1531
    0.3919    0.3613    0.1531
    0.3858    0.3674    0.1531
    0.3796    0.3735    0.1531
    0.5878    0.1592    0.1592
    0.5817    0.1653    0.1592
    0.5756    0.1715    0.1592
    0.5695    0.1776    0.1592
    0.5633    0.1837    0.1592
    0.5572    0.1898    0.1592
    0.5511    0.1959    0.1592
    0.5450    0.2021    0.1592
    0.5388    0.2082    0.1592
    0.5327    0.2143    0.1592
    0.5266    0.2204    0.1592
    0.5205    0.2266    0.1592
    0.5144    0.2327    0.1592
    0.5082    0.2388    0.1592
    0.5021    0.2449    0.1592
    0.4960    0.2511    0.1592
    0.4899    0.2572    0.1592
    0.4837    0.2633    0.1592
    0.4776    0.2694    0.1592
    0.4715    0.2755    0.1592
    0.4654    0.2817    0.1592
    0.4592    0.2878    0.1592
    0.4531    0.2939    0.1592
    0.4470    0.3000    0.1592
    0.4409    0.3062    0.1592
    0.4347    0.3123    0.1592
    0.4286    0.3184    0.1592
    0.4225    0.3245    0.1592
    0.4164    0.3307    0.1592
    0.4103    0.3368    0.1592
    0.4041    0.3429    0.1592
    0.3980    0.3490    0.1592
    0.3919    0.3551    0.1592
    0.3858    0.3613    0.1592
    0.3796    0.3674    0.1592
    0.3735    0.3735    0.1592
    0.5756    0.1653    0.1653
    0.5695    0.1715    0.1653
    0.5633    0.1776    0.1653
    0.5572    0.1837    0.1653
    0.5511    0.1898    0.1653
    0.5450    0.1959    0.1653
    0.5388    0.2021    0.1653
    0.5327    0.2082    0.1653
    0.5266    0.2143    0.1653
    0.5205    0.2204    0.1653
    0.5144    0.2266    0.1653
    0.5082    0.2327    0.1653
    0.5021    0.2388    0.1653
    0.4960    0.2449    0.1653
    0.4899    0.2511    0.1653
    0.4837    0.2572    0.1653
    0.4776    0.2633    0.1653
    0.4715    0.2694    0.1653
    0.4654    0.2755    0.1653
    0.4592    0.2817    0.1653
    0.4531    0.2878    0.1653
    0.4470    0.2939    0.1653
    0.4409    0.3000    0.1653
    0.4347    0.3062    0.1653
    0.4286    0.3123    0.1653
    0.4225    0.3184    0.1653
    0.4164    0.3245    0.1653
    0.4103    0.3307    0.1653
    0.4041    0.3368    0.1653
    0.3980    0.3429    0.1653
    0.3919    0.3490    0.1653
    0.3858    0.3551    0.1653
    0.3796    0.3613    0.1653
    0.3735    0.3674    0.1653
    0.5633    0.1715    0.1715
    0.5572    0.1776    0.1715
    0.5511    0.1837    0.1715
    0.5450    0.1898    0.1715
    0.5388    0.1959    0.1715
    0.5327    0.2021    0.1715
    0.5266    0.2082    0.1715
    0.5205    0.2143    0.1715
    0.5144    0.2204    0.1715
    0.5082    0.2266    0.1715
    0.5021    0.2327    0.1715
    0.4960    0.2388    0.1715
    0.4899    0.2449    0.1715
    0.4837    0.2511    0.1715
    0.4776    0.2572    0.1715
    0.4715    0.2633    0.1715
    0.4654    0.2694    0.1715
    0.4592    0.2755    0.1715
    0.4531    0.2817    0.1715
    0.4470    0.2878    0.1715
    0.4409    0.2939    0.1715
    0.4347    0.3000    0.1715
    0.4286    0.3062    0.1715
    0.4225    0.3123    0.1715
    0.4164    0.3184    0.1715
    0.4103    0.3245    0.1715
    0.4041    0.3307    0.1715
    0.3980    0.3368    0.1715
    0.3919    0.3429    0.1715
    0.3858    0.3490    0.1715
    0.3796    0.3551    0.1715
    0.3735    0.3613    0.1715
    0.3674    0.3674    0.1715
    0.5511    0.1776    0.1776
    0.5450    0.1837    0.1776
    0.5388    0.1898    0.1776
    0.5327    0.1959    0.1776
    0.5266    0.2021    0.1776
    0.5205    0.2082    0.1776
    0.5144    0.2143    0.1776
    0.5082    0.2204    0.1776
    0.5021    0.2266    0.1776
    0.4960    0.2327    0.1776
    0.4899    0.2388    0.1776
    0.4837    0.2449    0.1776
    0.4776    0.2511    0.1776
    0.4715    0.2572    0.1776
    0.4654    0.2633    0.1776
    0.4592    0.2694    0.1776
    0.4531    0.2755    0.1776
    0.4470    0.2817    0.1776
    0.4409    0.2878    0.1776
    0.4347    0.2939    0.1776
    0.4286    0.3000    0.1776
    0.4225    0.3062    0.1776
    0.4164    0.3123    0.1776
    0.4103    0.3184    0.1776
    0.4041    0.3245    0.1776
    0.3980    0.3307    0.1776
    0.3919    0.3368    0.1776
    0.3858    0.3429    0.1776
    0.3796    0.3490    0.1776
    0.3735    0.3551    0.1776
    0.3674    0.3613    0.1776
    0.5388    0.1837    0.1837
    0.5327    0.1898    0.1837
    0.5266    0.1959    0.1837
    0.5205    0.2021    0.1837
    0.5144    0.2082    0.1837
    0.5082    0.2143    0.1837
    0.5021    0.2204    0.1837
    0.4960    0.2266    0.1837
    0.4899    0.2327    0.1837
    0.4837    0.2388    0.1837
    0.4776    0.2449    0.1837
    0.4715    0.2511    0.1837
    0.4654    0.2572    0.1837
    0.4592    0.2633    0.1837
    0.4531    0.2694    0.1837
    0.4470    0.2755    0.1837
    0.4409    0.2817    0.1837
    0.4347    0.2878    0.1837
    0.4286    0.2939    0.1837
    0.4225    0.3000    0.1837
    0.4164    0.3062    0.1837
    0.4103    0.3123    0.1837
    0.4041    0.3184    0.1837
    0.3980    0.3245    0.1837
    0.3919    0.3307    0.1837
    0.3858    0.3368    0.1837
    0.3796    0.3429    0.1837
    0.3735    0.3490    0.1837
    0.3674    0.3551    0.1837
    0.3613    0.3613    0.1837
    0.5266    0.1898    0.1898
    0.5205    0.1959    0.1898
    0.5144    0.2021    0.1898
    0.5082    0.2082    0.1898
    0.5021    0.2143    0.1898
    0.4960    0.2204    0.1898
    0.4899    0.2266    0.1898
    0.4837    0.2327    0.1898
    0.4776    0.2388    0.1898
    0.4715    0.2449    0.1898
    0.4654    0.2511    0.1898
    0.4592    0.2572    0.1898
    0.4531    0.2633    0.1898
    0.4470    0.2694    0.1898
    0.4409    0.2755    0.1898
    0.4347    0.2817    0.1898
    0.4286    0.2878    0.1898
    0.4225    0.2939    0.1898
    0.4164    0.3000    0.1898
    0.4103    0.3062    0.1898
    0.4041    0.3123    0.1898
    0.3980    0.3184    0.1898
    0.3919    0.3245    0.1898
    0.3858    0.3307    0.1898
    0.3796    0.3368    0.1898
    0.3735    0.3429    0.1898
    0.3674    0.3490    0.1898
    0.3613    0.3551    0.1898
    0.5144    0.1959    0.1959
    0.5082    0.2021    0.1959
    0.5021    0.2082    0.1959
    0.4960    0.2143    0.1959
    0.4899    0.2204    0.1959
    0.4837    0.2266    0.1959
    0.4776    0.2327    0.1959
    0.4715    0.2388    0.1959
    0.4654    0.2449    0.1959
    0.4592    0.2511    0.1959
    0.4531    0.2572    0.1959
    0.4470    0.2633    0.1959
    0.4409    0.2694    0.1959
    0.4347    0.2755    0.1959
    0.4286    0.2817    0.1959
    0.4225    0.2878    0.1959
    0.4164    0.2939    0.1959
    0.4103    0.3000    0.1959
    0.4041    0.3062    0.1959
    0.3980    0.3123    0.1959
    0.3919    0.3184    0.1959
    0.3858    0.3245    0.1959
    0.3796    0.3307    0.1959
    0.3735    0.3368    0.1959
    0.3674    0.3429    0.1959
    0.3613    0.3490    0.1959
    0.3551    0.3551    0.1959
    0.5021    0.2021    0.2021
    0.4960    0.2082    0.2021
    0.4899    0.2143    0.2021
    0.4837    0.2204    0.2021
    0.4776    0.2266    0.2021
    0.4715    0.2327    0.2021
    0.4654    0.2388    0.2021
    0.4592    0.2449    0.2021
    0.4531    0.2511    0.2021
    0.4470    0.2572    0.2021
    0.4409    0.2633    0.2021
    0.4347    0.2694    0.2021
    0.4286    0.2755    0.2021
    0.4225    0.2817    0.2021
    0.4164    0.2878    0.2021
    0.4103    0.2939    0.2021
    0.4041    0.3000    0.2021
    0.3980    0.3062    0.2021
    0.3919    0.3123    0.2021
    0.3858    0.3184    0.2021
    0.3796    0.3245    0.2021
    0.3735    0.3307    0.2021
    0.3674    0.3368    0.2021
    0.3613    0.3429    0.2021
    0.3551    0.3490    0.2021
    0.4899    0.2082    0.2082
    0.4837    0.2143    0.2082
    0.4776    0.2204    0.2082
    0.4715    0.2266    0.2082
    0.4654    0.2327    0.2082
    0.4592    0.2388    0.2082
    0.4531    0.2449    0.2082
    0.4470    0.2511    0.2082
    0.4409    0.2572    0.2082
    0.4347    0.2633    0.2082
    0.4286    0.2694    0.2082
    0.4225    0.2755    0.2082
    0.4164    0.2817    0.2082
    0.4103    0.2878    0.2082
    0.4041    0.2939    0.2082
    0.3980    0.3000    0.2082
    0.3919    0.3062    0.2082
    0.3858    0.3123    0.2082
    0.3796    0.3184    0.2082
    0.3735    0.3245    0.2082
    0.3674    0.3307    0.2082
    0.3613    0.3368    0.2082
    0.3551    0.3429    0.2082
    0.3490    0.3490    0.2082
    0.4776    0.2143    0.2143
    0.4715    0.2204    0.2143
    0.4654    0.2266    0.2143
    0.4592    0.2327    0.2143
    0.4531    0.2388    0.2143
    0.4470    0.2449    0.2143
    0.4409    0.2511    0.2143
    0.4347    0.2572    0.2143
    0.4286    0.2633    0.2143
    0.4225    0.2694    0.2143
    0.4164    0.2755    0.2143
    0.4103    0.2817    0.2143
    0.4041    0.2878    0.2143
    0.3980    0.2939    0.2143
    0.3919    0.3000    0.2143
    0.3858    0.3062    0.2143
    0.3796    0.3123    0.2143
    0.3735    0.3184    0.2143
    0.3674    0.3245    0.2143
    0.3613    0.3307    0.2143
    0.3551    0.3368    0.2143
    0.3490    0.3429    0.2143
    0.4654    0.2204    0.2204
    0.4592    0.2266    0.2204
    0.4531    0.2327    0.2204
    0.4470    0.2388    0.2204
    0.4409    0.2449    0.2204
    0.4347    0.2511    0.2204
    0.4286    0.2572    0.2204
    0.4225    0.2633    0.2204
    0.4164    0.2694    0.2204
    0.4103    0.2755    0.2204
    0.4041    0.2817    0.2204
    0.3980    0.2878    0.2204
    0.3919    0.2939    0.2204
    0.3858    0.3000    0.2204
    0.3796    0.3062    0.2204
    0.3735    0.3123    0.2204
    0.3674    0.3184    0.2204
    0.3613    0.3245    0.2204
    0.3551    0.3307    0.2204
    0.3490    0.3368    0.2204
    0.3429    0.3429    0.2204
    0.4531    0.2266    0.2266
    0.4470    0.2327    0.2266
    0.4409    0.2388    0.2266
    0.4347    0.2449    0.2266
    0.4286    0.2511    0.2266
    0.4225    0.2572    0.2266
    0.4164    0.2633    0.2266
    0.4103    0.2694    0.2266
    0.4041    0.2755    0.2266
    0.3980    0.2817    0.2266
    0.3919    0.2878    0.2266
    0.3858    0.2939    0.2266
    0.3796    0.3000    0.2266
    0.3735    0.3062    0.2266
    0.3674    0.3123    0.2266
    0.3613    0.3184    0.2266
    0.3551    0.3245    0.2266
    0.3490    0.3307    0.2266
    0.3429    0.3368    0.2266
    0.4409    0.2327    0.2327
    0.4347    0.2388    0.2327
    0.4286    0.2449    0.2327
    0.4225    0.2511    0.2327
    0.4164    0.2572    0.2327
    0.4103    0.2633    0.2327
    0.4041    0.2694    0.2327
    0.3980    0.2755    0.2327
    0.3919    0.2817    0.2327
    0.3858    0.2878    0.2327
    0.3796    0.2939    0.2327
    0.3735    0.3000    0.2327
    0.3674    0.3062    0.2327
    0.3613    0.3123    0.2327
    0.3551    0.3184    0.2327
    0.3490    0.3245    0.2327
    0.3429    0.3307    0.2327
    0.3368    0.3368    0.2327
    0.4286    0.2388    0.2388
    0.4225    0.2449    0.2388
    0.4164    0.2511    0.2388
    0.4103    0.2572    0.2388
    0.4041    0.2633    0.2388
    0.3980    0.2694    0.2388
    0.3919    0.2755    0.2388
    0.3858    0.2817    0.2388
    0.3796    0.2878    0.2388
    0.3735    0.2939    0.2388
    0.3674    0.3000    0.2388
    0.3613    0.3062    0.2388
    0.3551    0.3123    0.2388
    0.3490    0.3184    0.2388
    0.3429    0.3245    0.2388
    0.3368    0.3307    0.2388
    0.4164    0.2449    0.2449
    0.4103    0.2511    0.2449
    0.4041    0.2572    0.2449
    0.3980    0.2633    0.2449
    0.3919    0.2694    0.2449
    0.3858    0.2755    0.2449
    0.3796    0.2817    0.2449
    0.3735    0.2878    0.2449
    0.3674    0.2939    0.2449
    0.3613    0.3000    0.2449
    0.3551    0.3062    0.2449
    0.3490    0.3123    0.2449
    0.3429    0.3184    0.2449
    0.3368    0.3245    0.2449
    0.3307    0.3307    0.2449
    0.4041    0.2511    0.2511
    0.3980    0.2572    0.2511
    0.3919    0.2633    0.2511
    0.3858    0.2694    0.2511
    0.3796    0.2755    0.2511
    0.3735    0.2817    0.2511
    0.3674    0.2878    0.2511
    0.3613    0.2939    0.2511
    0.3551    0.3000    0.2511
    0.3490    0.3062    0.2511
    0.3429    0.3123    0.2511
    0.3368    0.3184    0.2511
    0.3307    0.3245    0.2511
    0.3919    0.2572    0.2572
    0.3858    0.2633    0.2572
    0.3796    0.2694    0.2572
    0.3735    0.2755    0.2572
    0.3674    0.2817    0.2572
    0.3613    0.2878    0.2572
    0.3551    0.2939    0.2572
    0.3490    0.3000    0.2572
    0.3429    0.3062    0.2572
    0.3368    0.3123    0.2572
    0.3307    0.3184    0.2572
    0.3245    0.3245    0.2572
    0.3796    0.2633    0.2633
    0.3735    0.2694    0.2633
    0.3674    0.2755    0.2633
    0.3613    0.2817    0.2633
    0.3551    0.2878    0.2633
    0.3490    0.2939    0.2633
    0.3429    0.3000    0.2633
    0.3368    0.3062    0.2633
    0.3307    0.3123    0.2633
    0.3245    0.3184    0.2633
    0.3674    0.2694    0.2694
    0.3613    0.2755    0.2694
    0.3551    0.2817    0.2694
    0.3490    0.2878    0.2694
    0.3429    0.2939    0.2694
    0.3368    0.3000    0.2694
    0.3307    0.3062    0.2694
    0.3245    0.3123    0.2694
    0.3184    0.3184    0.2694
    0.3551    0.2755    0.2755
    0.3490    0.2817    0.2755
    0.3429    0.2878    0.2755
    0.3368    0.2939    0.2755
    0.3307    0.3000    0.2755
    0.3245    0.3062    0.2755
    0.3184    0.3123    0.2755
    0.3429    0.2817    0.2817
    0.3368    0.2878    0.2817
    0.3307    0.2939    0.2817
    0.3245    0.3000    0.2817
    0.3184    0.3062    0.2817
    0.3123    0.3123    0.2817
    0.3307    0.2878    0.2878
    0.3245    0.2939    0.2878
    0.3184    0.3000    0.2878
    0.3123    0.3062    0.2878
    0.3184    0.2939    0.2939
    0.3123    0.3000    0.2939
    0.3062    0.3062    0.2939
    0.3062    0.3000    0.3000
