    0.6123    0.2939    0.0000    4.9661
    0.6062    0.3000    0.0000    4.9549
    0.6001    0.3062    0.0000    4.9035
    0.5940    0.3123    0.0000    4.8141
    0.5878    0.3184    0.0000    4.6940
    0.5817    0.3245    0.0000    4.5520
    0.5756    0.3307    0.0000    4.3957
    0.5695    0.3368    0.0000    4.2307
    0.5633    0.3429    0.0000    4.0612
    0.5572    0.3490    0.0000    3.8900
    0.5511    0.3551    0.0000    3.7192
    0.5450    0.3613    0.0000    3.5504
    0.5388    0.3674    0.0000    3.3850
    0.5327    0.3735    0.0000    3.2240
    0.5266    0.3796    0.0000    3.0685
    0.5205    0.3858    0.0000    2.9195
    0.5144    0.3919    0.0000    2.7780
    0.5082    0.3980    0.0000    2.6450
    0.5021    0.4041    0.0000    2.5215
    0.4960    0.4103    0.0000    2.4087
    0.4899    0.4164    0.0000    2.3076
    0.4837    0.4225    0.0000    2.2196
    0.4776    0.4286    0.0000    2.1456
    0.4715    0.4347    0.0000    2.0868
    0.4654    0.4409    0.0000    2.0440
    0.4592    0.4470    0.0000    2.0180
    0.4531    0.4531    0.0000    2.0093
    0.6123    0.2878    0.0061    4.8998
    0.6062    0.2939    0.0061    4.9244
    0.6001    0.3000    0.0061    4.9088
    0.5940    0.3062    0.0061    4.8507
    0.5878    0.3123    0.0061    4.7546
    0.5817    0.3184    0.0061    4.6293
    0.5756    0.3245    0.0061    4.4839
    0.5695    0.3307    0.0061    4.3258
    0.5633    0.3368    0.0061    4.1603
    0.5572    0.3429    0.0061    3.9912
    0.5511    0.3490    0.0061    3.8210
    0.5450    0.3551    0.0061    3.6519
    0.5388    0.3613    0.0061    3.4853
    0.5327    0.3674    0.0061    3.3224
    0.5266    0.3735    0.0061    3.1644
    0.5205    0.3796    0.0061    3.0124
    0.5144    0.3858    0.0061    2.8673
    0.5082    0.3919    0.0061    2.7301
    0.5021    0.3980    0.0061    2.6019
    0.4960    0.4041    0.0061    2.4838
    0.4899    0.4103    0.0061    2.3769
    0.4837    0.4164    0.0061    2.2823
    0.4776    0.4225    0.0061    2.2012
    0.4715    0.4286    0.0061    2.1348
    0.4654    0.4347    0.0061    2.0840
    0.4592    0.4409    0.0061    2.0496
    0.4531    0.4470    0.0061    2.0322
    0.6123    0.2817    0.0122    4.7699
    0.6062    0.2878    0.0122    4.8338
    0.6001    0.2939    0.0122    4.8650
    0.5940    0.3000    0.0122    4.8518
    0.5878    0.3062    0.0122    4.7919
    0.5817    0.3123    0.0122    4.6923
    0.5756    0.3184    0.0122    4.5638
    0.5695    0.3245    0.0122    4.4164
    0.5633    0.3307    0.0122    4.2573
    0.5572    0.3368    0.0122    4.0917
    0.5511    0.3429    0.0122    3.9233
    0.5450    0.3490    0.0122    3.7546
    0.5388    0.3551    0.0122    3.5873
    0.5327    0.3613    0.0122    3.4231
    0.5266    0.3674    0.0122    3.2630
    0.5205    0.3735    0.0122    3.1083
    0.5144    0.3796    0.0122    2.9599
    0.5082    0.3858    0.0122    2.8189
    0.5021    0.3919    0.0122    2.6863
    0.4960    0.3980    0.0122    2.5632
    0.4899    0.4041    0.0122    2.4507
    0.4837    0.4103    0.0122    2.3500
    0.4776    0.4164    0.0122    2.2622
    0.4715    0.4225    0.0122    2.1884
    0.4654    0.4286    0.0122    2.1297
    0.4592    0.4347    0.0122    2.0871
    0.4531    0.4409    0.0122    2.0612
    0.4470    0.4470    0.0122    2.0525
    0.6123    0.2755    0.0184    4.6032
    0.6062    0.2817    0.0184    4.6903
    0.6001    0.2878    0.0184    4.7596
    0.5940    0.2939    0.0184    4.7974
    0.5878    0.3000    0.0184    4.7891
    0.5817    0.3062    0.0184    4.7301
    0.5756    0.3123    0.0184    4.6289
    0.5695    0.3184    0.0184    4.4986
    0.5633    0.3245    0.0184    4.3498
    0.5572    0.3307    0.0184    4.1904
    0.5511    0.3368    0.0184    4.0252
    0.5450    0.3429    0.0184    3.8579
    0.5388    0.3490    0.0184    3.6908
    0.5327    0.3551    0.0184    3.5256
    0.5266    0.3613    0.0184    3.3639
    0.5205    0.3674    0.0184    3.2069
    0.5144    0.3735    0.0184    3.0556
    0.5082    0.3796    0.0184    2.9111
    0.5021    0.3858    0.0184    2.7744
    0.4960    0.3919    0.0184    2.6467
    0.4899    0.3980    0.0184    2.5290
    0.4837    0.4041    0.0184    2.4224
    0.4776    0.4103    0.0184    2.3281
    0.4715    0.4164    0.0184    2.2473
    0.4654    0.4225    0.0184    2.1811
    0.4592    0.4286    0.0184    2.1304
    0.4531    0.4347    0.0184    2.0962
    0.4470    0.4409    0.0184    2.0789
    0.6123    0.2694    0.0245    4.4230
    0.6062    0.2755    0.0245    4.5208
    0.6001    0.2817    0.0245    4.6104
    0.5940    0.2878    0.0245    4.6838
    0.5878    0.2939    0.0245    4.7271
    0.5817    0.3000    0.0245    4.7238
    0.5756    0.3062    0.0245    4.6669
    0.5695    0.3123    0.0245    4.5654
    0.5633    0.3184    0.0245    4.4341
    0.5572    0.3245    0.0245    4.2848
    0.5511    0.3307    0.0245    4.1254
    0.5450    0.3368    0.0245    3.9610
    0.5388    0.3429    0.0245    3.7950
    0.5327    0.3490    0.0245    3.6297
    0.5266    0.3551    0.0245    3.4669
    0.5205    0.3613    0.0245    3.3080
    0.5144    0.3674    0.0245    3.1541
    0.5082    0.3735    0.0245    3.0065
    0.5021    0.3796    0.0245    2.8661
    0.4960    0.3858    0.0245    2.7341
    0.4899    0.3919    0.0245    2.6114
    0.4837    0.3980    0.0245    2.4993
    0.4776    0.4041    0.0245    2.3990
    0.4715    0.4103    0.0245    2.3115
    0.4654    0.4164    0.0245    2.2380
    0.4592    0.4225    0.0245    2.1795
    0.4531    0.4286    0.0245    2.1370
    0.4470    0.4347    0.0245    2.1112
    0.4409    0.4409    0.0245    2.1026
    0.6123    0.2633    0.0306    4.2383
    0.6062    0.2694    0.0306    4.3411
    0.6001    0.2755    0.0306    4.4403
    0.5940    0.2817    0.0306    4.5320
    0.5878    0.2878    0.0306    4.6085
    0.5817    0.2939    0.0306    4.6564
    0.5756    0.3000    0.0306    4.6579
    0.5695    0.3062    0.0306    4.6037
    0.5633    0.3123    0.0306    4.5026
    0.5572    0.3184    0.0306    4.3709
    0.5511    0.3245    0.0306    4.2214
    0.5450    0.3307    0.0306    4.0625
    0.5388    0.3368    0.0306    3.8991
    0.5327    0.3429    0.0306    3.7347
    0.5266    0.3490    0.0306    3.5715
    0.5205    0.3551    0.0306    3.4113
    0.5144    0.3613    0.0306    3.2553
    0.5082    0.3674    0.0306    3.1049
    0.5021    0.3735    0.0306    2.9611
    0.4960    0.3796    0.0306    2.8251
    0.4899    0.3858    0.0306    2.6979
    0.4837    0.3919    0.0306    2.5806
    0.4776    0.3980    0.0306    2.4745
    0.4715    0.4041    0.0306    2.3806
    0.4654    0.4103    0.0306    2.3001
    0.4592    0.4164    0.0306    2.2341
    0.4531    0.4225    0.0306    2.1837
    0.4470    0.4286    0.0306    2.1495
    0.4409    0.4347    0.0306    2.1323
    0.6123    0.2572    0.0367    4.0530
    0.6062    0.2633    0.0367    4.1579
    0.6001    0.2694    0.0367    4.2616
    0.5940    0.2755    0.0367    4.3621
    0.5878    0.2817    0.0367    4.4556
    0.5817    0.2878    0.0367    4.5348
    0.5756    0.2939    0.0367    4.5867
    0.5695    0.3000    0.0367    4.5927
    0.5633    0.3062    0.0367    4.5413
    0.5572    0.3123    0.0367    4.4411
    0.5511    0.3184    0.0367    4.3094
    0.5450    0.3245    0.0367    4.1601
    0.5388    0.3307    0.0367    4.0019
    0.5327    0.3368    0.0367    3.8398
    0.5266    0.3429    0.0367    3.6772
    0.5205    0.3490    0.0367    3.5163
    0.5144    0.3551    0.0367    3.3588
    0.5082    0.3613    0.0367    3.2060
    0.5021    0.3674    0.0367    3.0592
    0.4960    0.3735    0.0367    2.9196
    0.4899    0.3796    0.0367    2.7881
    0.4837    0.3858    0.0367    2.6660
    0.4776    0.3919    0.0367    2.5544
    0.4715    0.3980    0.0367    2.4545
    0.4654    0.4041    0.0367    2.3674
    0.4592    0.4103    0.0367    2.2942
    0.4531    0.4164    0.0367    2.2360
    0.4470    0.4225    0.0367    2.1937
    0.4409    0.4286    0.0367    2.1680
    0.4347    0.4347    0.0367    2.1594
    0.6123    0.2511    0.0429    3.8692
    0.6062    0.2572    0.0429    3.9746
    0.6001    0.2633    0.0429    4.0802
    0.5940    0.2694    0.0429    4.1847
    0.5878    0.2755    0.0429    4.2864
    0.5817    0.2817    0.0429    4.3815
    0.5756    0.2878    0.0429    4.4632
    0.5695    0.2939    0.0429    4.5188
    0.5633    0.3000    0.0429    4.5289
    0.5572    0.3062    0.0429    4.4804
    0.5511    0.3123    0.0429    4.3812
    0.5450    0.3184    0.0429    4.2498
    0.5388    0.3245    0.0429    4.1011
    0.5327    0.3307    0.0429    3.9438
    0.5266    0.3368    0.0429    3.7832
    0.5205    0.3429    0.0429    3.6226
    0.5144    0.3490    0.0429    3.4641
    0.5082    0.3551    0.0429    3.3095
    0.5021    0.3613    0.0429    3.1602
    0.4960    0.3674    0.0429    3.0173
    0.4899    0.3735    0.0429    2.8820
    0.4837    0.3796    0.0429    2.7554
    0.4776    0.3858    0.0429    2.6387
    0.4715    0.3919    0.0429    2.5330
    0.4654    0.3980    0.0429    2.4395
    0.4592    0.4041    0.0429    2.3594
    0.4531    0.4103    0.0429    2.2937
    0.4470    0.4164    0.0429    2.2435
    0.4409    0.4225    0.0429    2.2095
    0.4347    0.4286    0.0429    2.1924
    0.6123    0.2449    0.0490    3.6882
    0.6062    0.2511    0.0490    3.7931
    0.6001    0.2572    0.0490    3.8989
    0.5940    0.2633    0.0490    4.0051
    0.5878    0.2694    0.0490    4.1105
    0.5817    0.2755    0.0490    4.2133
    0.5756    0.2817    0.0490    4.3099
    0.5695    0.2878    0.0490    4.3940
    0.5633    0.2939    0.0490    4.4529
    0.5572    0.3000    0.0490    4.4670
    0.5511    0.3062    0.0490    4.4213
    0.5450    0.3123    0.0490    4.3233
    0.5388    0.3184    0.0490    4.1924
    0.5327    0.3245    0.0490    4.0444
    0.5266    0.3307    0.0490    3.8883
    0.5205    0.3368    0.0490    3.7294
    0.5144    0.3429    0.0490    3.5709
    0.5082    0.3490    0.0490    3.4151
    0.5021    0.3551    0.0490    3.2637
    0.4960    0.3613    0.0490    3.1179
    0.4899    0.3674    0.0490    2.9791
    0.4837    0.3735    0.0490    2.8484
    0.4776    0.3796    0.0490    2.7269
    0.4715    0.3858    0.0490    2.6158
    0.4654    0.3919    0.0490    2.5164
    0.4592    0.3980    0.0490    2.4296
    0.4531    0.4041    0.0490    2.3568
    0.4470    0.4103    0.0490    2.2989
    0.4409    0.4164    0.0490    2.2568
    0.4347    0.4225    0.0490    2.2312
    0.4286    0.4286    0.0490    2.2227
    0.6123    0.2388    0.0551    3.5112
    0.6062    0.2449    0.0551    3.6147
    0.6001    0.2511    0.0551    3.7198
    0.5940    0.2572    0.0551    3.8261
    0.5878    0.2633    0.0551    3.9329
    0.5817    0.2694    0.0551    4.0390
    0.5756    0.2755    0.0551    4.1428
    0.5695    0.2817    0.0551    4.2410
    0.5633    0.2878    0.0551    4.3273
    0.5572    0.2939    0.0551    4.3894
    0.5511    0.3000    0.0551    4.4073
    0.5450    0.3062    0.0551    4.3645
    0.5388    0.3123    0.0551    4.2676
    0.5327    0.3184    0.0551    4.1374
    0.5266    0.3245    0.0551    3.9902
    0.5205    0.3307    0.0551    3.8354
    0.5144    0.3368    0.0551    3.6784
    0.5082    0.3429    0.0551    3.5223
    0.5021    0.3490    0.0551    3.3694
    0.4960    0.3551    0.0551    3.2213
    0.4899    0.3613    0.0551    3.0794
    0.4837    0.3674    0.0551    2.9449
    0.4776    0.3735    0.0551    2.8190
    0.4715    0.3796    0.0551    2.7029
    0.4654    0.3858    0.0551    2.5977
    0.4592    0.3919    0.0551    2.5047
    0.4531    0.3980    0.0551    2.4250
    0.4470    0.4041    0.0551    2.3597
    0.4409    0.4103    0.0551    2.3097
    0.4347    0.4164    0.0551    2.2759
    0.4286    0.4225    0.0551    2.2588
    0.6123    0.2327    0.0612    3.3388
    0.6062    0.2388    0.0612    3.4404
    0.6001    0.2449    0.0612    3.5441
    0.5940    0.2511    0.0612    3.6495
    0.5878    0.2572    0.0612    3.7562
    0.5817    0.2633    0.0612    3.8635
    0.5756    0.2694    0.0612    3.9704
    0.5695    0.2755    0.0612    4.0752
    0.5633    0.2817    0.0612    4.1748
    0.5572    0.2878    0.0612    4.2632
    0.5511    0.2939    0.0612    4.3284
    0.5450    0.3000    0.0612    4.3501
    0.5388    0.3062    0.0612    4.3101
    0.5327    0.3123    0.0612    4.2144
    0.5266    0.3184    0.0612    4.0849
    0.5205    0.3245    0.0612    3.9387
    0.5144    0.3307    0.0612    3.7854
    0.5082    0.3368    0.0612    3.6304
    0.5021    0.3429    0.0612    3.4769
    0.4960    0.3490    0.0612    3.3270
    0.4899    0.3551    0.0612    3.1824
    0.4837    0.3613    0.0612    3.0446
    0.4776    0.3674    0.0612    2.9146
    0.4715    0.3735    0.0612    2.7938
    0.4654    0.3796    0.0612    2.6833
    0.4592    0.3858    0.0612    2.5844
    0.4531    0.3919    0.0612    2.4981
    0.4470    0.3980    0.0612    2.4256
    0.4409    0.4041    0.0612    2.3680
    0.4347    0.4103    0.0612    2.3262
    0.4286    0.4164    0.0612    2.3008
    0.4225    0.4225    0.0612    2.2923
    0.6123    0.2266    0.0674    3.1720
    0.6062    0.2327    0.0674    3.2712
    0.6001    0.2388    0.0674    3.3728
    0.5940    0.2449    0.0674    3.4766
    0.5878    0.2511    0.0674    3.5822
    0.5817    0.2572    0.0674    3.6892
    0.5756    0.2633    0.0674    3.7970
    0.5695    0.2694    0.0674    3.9046
    0.5633    0.2755    0.0674    4.0104
    0.5572    0.2817    0.0674    4.1114
    0.5511    0.2878    0.0674    4.2019
    0.5450    0.2939    0.0674    4.2702
    0.5388    0.3000    0.0674    4.2956
    0.5327    0.3062    0.0674    4.2584
    0.5266    0.3123    0.0674    4.1639
    0.5205    0.3184    0.0674    4.0351
    0.5144    0.3245    0.0674    3.8899
    0.5082    0.3307    0.0674    3.7382
    0.5021    0.3368    0.0674    3.5854
    0.4960    0.3429    0.0674    3.4346
    0.4899    0.3490    0.0674    3.2880
    0.4837    0.3551    0.0674    3.1472
    0.4776    0.3613    0.0674    3.0136
    0.4715    0.3674    0.0674    2.8885
    0.4654    0.3735    0.0674    2.7730
    0.4592    0.3796    0.0674    2.6684
    0.4531    0.3858    0.0674    2.5759
    0.4470    0.3919    0.0674    2.4967
    0.4409    0.3980    0.0674    2.4317
    0.4347    0.4041    0.0674    2.3820
    0.4286    0.4103    0.0674    2.3484
    0.4225    0.4164    0.0674    2.3314
    0.6123    0.2204    0.0735    3.0115
    0.6062    0.2266    0.0735    3.1078
    0.6001    0.2327    0.0735    3.2069
    0.5940    0.2388    0.0735    3.3084
    0.5878    0.2449    0.0735    3.4122
    0.5817    0.2511    0.0735    3.5179
    0.5756    0.2572    0.0735    3.6252
    0.5695    0.2633    0.0735    3.7335
    0.5633    0.2694    0.0735    3.8417
    0.5572    0.2755    0.0735    3.9485
    0.5511    0.2817    0.0735    4.0509
    0.5450    0.2878    0.0735    4.1435
    0.5388    0.2939    0.0735    4.2148
    0.5327    0.3000    0.0735    4.2439
    0.5266    0.3062    0.0735    4.2094
    0.5205    0.3123    0.0735    4.1161
    0.5144    0.3184    0.0735    3.9880
    0.5082    0.3245    0.0735    3.8439
    0.5021    0.3307    0.0735    3.6940
    0.4960    0.3368    0.0735    3.5436
    0.4899    0.3429    0.0735    3.3957
    0.4837    0.3490    0.0735    3.2525
    0.4776    0.3551    0.0735    3.1157
    0.4715    0.3613    0.0735    2.9866
    0.4654    0.3674    0.0735    2.8665
    0.4592    0.3735    0.0735    2.7567
    0.4531    0.3796    0.0735    2.6583
    0.4470    0.3858    0.0735    2.5725
    0.4409    0.3919    0.0735    2.5004
    0.4347    0.3980    0.0735    2.4431
    0.4286    0.4041    0.0735    2.4015
    0.4225    0.4103    0.0735    2.3763
    0.4164    0.4164    0.0735    2.3678
    0.6123    0.2143    0.0796    2.8582
    0.6062    0.2204    0.0796    2.9511
    0.6001    0.2266    0.0796    3.0471
    0.5940    0.2327    0.0796    3.1458
    0.5878    0.2388    0.0796    3.2472
    0.5817    0.2449    0.0796    3.3510
    0.5756    0.2511    0.0796    3.4568
    0.5695    0.2572    0.0796    3.5644
    0.5633    0.2633    0.0796    3.6730
    0.5572    0.2694    0.0796    3.7818
    0.5511    0.2755    0.0796    3.8894
    0.5450    0.2817    0.0796    3.9932
    0.5388    0.2878    0.0796    4.0879
    0.5327    0.2939    0.0796    4.1623
    0.5266    0.3000    0.0796    4.1953
    0.5205    0.3062    0.0796    4.1635
    0.5144    0.3123    0.0796    4.0711
    0.5082    0.3184    0.0796    3.9437
    0.5021    0.3245    0.0796    3.8009
    0.4960    0.3307    0.0796    3.6529
    0.4899    0.3368    0.0796    3.5049
    0.4837    0.3429    0.0796    3.3601
    0.4776    0.3490    0.0796    3.2206
    0.4715    0.3551    0.0796    3.0880
    0.4654    0.3613    0.0796    2.9637
    0.4592    0.3674    0.0796    2.8489
    0.4531    0.3735    0.0796    2.7449
    0.4470    0.3796    0.0796    2.6529
    0.4409    0.3858    0.0796    2.5741
    0.4347    0.3919    0.0796    2.5095
    0.4286    0.3980    0.0796    2.4601
    0.4225    0.4041    0.0796    2.4266
    0.4164    0.4103    0.0796    2.4098
    0.6123    0.2082    0.0857    2.7129
    0.6062    0.2143    0.0857    2.8019
    0.6001    0.2204    0.0857    2.8943
    0.5940    0.2266    0.0857    2.9898
    0.5878    0.2327    0.0857    3.0883
    0.5817    0.2388    0.0857    3.1894
    0.5756    0.2449    0.0857    3.2931
    0.5695    0.2511    0.0857    3.3990
    0.5633    0.2572    0.0857    3.5066
    0.5572    0.2633    0.0857    3.6156
    0.5511    0.2694    0.0857    3.7249
    0.5450    0.2755    0.0857    3.8334
    0.5388    0.2817    0.0857    3.9385
    0.5327    0.2878    0.0857    4.0352
    0.5266    0.2939    0.0857    4.1128
    0.5205    0.3000    0.0857    4.1497
    0.5144    0.3062    0.0857    4.1207
    0.5082    0.3123    0.0857    4.0292
    0.5021    0.3184    0.0857    3.9024
    0.4960    0.3245    0.0857    3.7609
    0.4899    0.3307    0.0857    3.6148
    0.4837    0.3368    0.0857    3.4695
    0.4776    0.3429    0.0857    3.3280
    0.4715    0.3490    0.0857    3.1924
    0.4654    0.3551    0.0857    3.0642
    0.4592    0.3613    0.0857    2.9448
    0.4531    0.3674    0.0857    2.8356
    0.4470    0.3735    0.0857    2.7377
    0.4409    0.3796    0.0857    2.6524
    0.4347    0.3858    0.0857    2.5807
    0.4286    0.3919    0.0857    2.5238
    0.4225    0.3980    0.0857    2.4824
    0.4164    0.4041    0.0857    2.4573
    0.4103    0.4103    0.0857    2.4489
    0.6123    0.2021    0.0918    2.5765
    0.6062    0.2082    0.0918    2.6612
    0.6001    0.2143    0.0918    2.7495
    0.5940    0.2204    0.0918    2.8412
    0.5878    0.2266    0.0918    2.9362
    0.5817    0.2327    0.0918    3.0342
    0.5756    0.2388    0.0918    3.1351
    0.5695    0.2449    0.0918    3.2385
    0.5633    0.2511    0.0918    3.3443
    0.5572    0.2572    0.0918    3.4521
    0.5511    0.2633    0.0918    3.5613
    0.5450    0.2694    0.0918    3.6711
    0.5388    0.2755    0.0918    3.7804
    0.5327    0.2817    0.0918    3.8867
    0.5266    0.2878    0.0918    3.9855
    0.5205    0.2939    0.0918    4.0663
    0.5144    0.3000    0.0918    4.1073
    0.5082    0.3062    0.0918    4.0811
    0.5021    0.3123    0.0918    3.9903
    0.4960    0.3184    0.0918    3.8641
    0.4899    0.3245    0.0918    3.7238
    0.4837    0.3307    0.0918    3.5799
    0.4776    0.3368    0.0918    3.4374
    0.4715    0.3429    0.0918    3.2994
    0.4654    0.3490    0.0918    3.1678
    0.4592    0.3551    0.0918    3.0442
    0.4531    0.3613    0.0918    2.9301
    0.4470    0.3674    0.0918    2.8267
    0.4409    0.3735    0.0918    2.7352
    0.4347    0.3796    0.0918    2.6568
    0.4286    0.3858    0.0918    2.5926
    0.4225    0.3919    0.0918    2.5434
    0.4164    0.3980    0.0918    2.5102
    0.4103    0.4041    0.0918    2.4935
    0.6123    0.1959    0.0980    2.4500
    0.6062    0.2021    0.0980    2.5298
    0.6001    0.2082    0.0980    2.6135
    0.5940    0.2143    0.0980    2.7010
    0.5878    0.2204    0.0980    2.7919
    0.5817    0.2266    0.0980    2.8863
    0.5756    0.2327    0.0980    2.9838
    0.5695    0.2388    0.0980    3.0842
    0.5633    0.2449    0.0980    3.1874
    0.5572    0.2511    0.0980    3.2931
    0.5511    0.2572    0.0980    3.4008
    0.5450    0.2633    0.0980    3.5102
    0.5388    0.2694    0.0980    3.6204
    0.5327    0.2755    0.0980    3.7304
    0.5266    0.2817    0.0980    3.8380
    0.5205    0.2878    0.0980    3.9388
    0.5144    0.2939    0.0980    4.0228
    0.5082    0.3000    0.0980    4.0682
    0.5021    0.3062    0.0980    4.0448
    0.4960    0.3123    0.0980    3.9545
    0.4899    0.3184    0.0980    3.8287
    0.4837    0.3245    0.0980    3.6898
    0.4776    0.3307    0.0980    3.5481
    0.4715    0.3368    0.0980    3.4086
    0.4654    0.3429    0.0980    3.2742
    0.4592    0.3490    0.0980    3.1469
    0.4531    0.3551    0.0980    3.0283
    0.4470    0.3613    0.0980    2.9196
    0.4409    0.3674    0.0980    2.8223
    0.4347    0.3735    0.0980    2.7374
    0.4286    0.3796    0.0980    2.6661
    0.4225    0.3858    0.0980    2.6095
    0.4164    0.3919    0.0980    2.5683
    0.4103    0.3980    0.0980    2.5434
    0.4041    0.4041    0.0980    2.5350
    0.6123    0.1898    0.1041    2.3346
    0.6062    0.1959    0.1041    2.4089
    0.6001    0.2021    0.1041    2.4874
    0.5940    0.2082    0.1041    2.5700
    0.5878    0.2143    0.1041    2.6565
    0.5817    0.2204    0.1041    2.7466
    0.5756    0.2266    0.1041    2.8402
    0.5695    0.2327    0.1041    2.9371
    0.5633    0.2388    0.1041    3.0370
    0.5572    0.2449    0.1041    3.1399
    0.5511    0.2511    0.1041    3.2453
    0.5450    0.2572    0.1041    3.3529
    0.5388    0.2633    0.1041    3.4623
    0.5327    0.2694    0.1041    3.5729
    0.5266    0.2755    0.1041    3.6835
    0.5205    0.2817    0.1041    3.7922
    0.5144    0.2878    0.1041    3.8950
    0.5082    0.2939    0.1041    3.9825
    0.5021    0.3000    0.1041    4.0325
    0.4960    0.3062    0.1041    4.0120
    0.4899    0.3123    0.1041    3.9219
    0.4837    0.3184    0.1041    3.7964
    0.4776    0.3245    0.1041    3.6588
    0.4715    0.3307    0.1041    3.5194
    0.4654    0.3368    0.1041    3.3831
    0.4592    0.3429    0.1041    3.2526
    0.4531    0.3490    0.1041    3.1298
    0.4470    0.3551    0.1041    3.0163
    0.4409    0.3613    0.1041    2.9134
    0.4347    0.3674    0.1041    2.8223
    0.4286    0.3735    0.1041    2.7443
    0.4225    0.3796    0.1041    2.6804
    0.4164    0.3858    0.1041    2.6315
    0.4103    0.3919    0.1041    2.5985
    0.4041    0.3980    0.1041    2.5818
    0.6123    0.1837    0.1102    2.2312
    0.6062    0.1898    0.1102    2.2995
    0.6001    0.1959    0.1102    2.3723
    0.5940    0.2021    0.1102    2.4495
    0.5878    0.2082    0.1102    2.5308
    0.5817    0.2143    0.1102    2.6162
    0.5756    0.2204    0.1102    2.7053
    0.5695    0.2266    0.1102    2.7980
    0.5633    0.2327    0.1102    2.8942
    0.5572    0.2388    0.1102    2.9936
    0.5511    0.2449    0.1102    3.0959
    0.5450    0.2511    0.1102    3.2009
    0.5388    0.2572    0.1102    3.3083
    0.5327    0.2633    0.1102    3.4177
    0.5266    0.2694    0.1102    3.5285
    0.5205    0.2755    0.1102    3.6397
    0.5144    0.2817    0.1102    3.7495
    0.5082    0.2878    0.1102    3.8542
    0.5021    0.2939    0.1102    3.9452
    0.4960    0.3000    0.1102    4.0001
    0.4899    0.3062    0.1102    3.9827
    0.4837    0.3123    0.1102    3.8924
    0.4776    0.3184    0.1102    3.7670
    0.4715    0.3245    0.1102    3.6308
    0.4654    0.3307    0.1102    3.4939
    0.4592    0.3368    0.1102    3.3609
    0.4531    0.3429    0.1102    3.2344
    0.4470    0.3490    0.1102    3.1164
    0.4409    0.3551    0.1102    3.0083
    0.4347    0.3613    0.1102    2.9113
    0.4286    0.3674    0.1102    2.8268
    0.4225    0.3735    0.1102    2.7559
    0.4164    0.3796    0.1102    2.6995
    0.4103    0.3858    0.1102    2.6586
    0.4041    0.3919    0.1102    2.6337
    0.3980    0.3980    0.1102    2.6254
    0.6123    0.1776    0.1163    2.1411
    0.6062    0.1837    0.1163    2.2028
    0.6001    0.1898    0.1163    2.2693
    0.5940    0.1959    0.1163    2.3404
    0.5878    0.2021    0.1163    2.4161
    0.5817    0.2082    0.1163    2.4961
    0.5756    0.2143    0.1163    2.5802
    0.5695    0.2204    0.1163    2.6682
    0.5633    0.2266    0.1163    2.7599
    0.5572    0.2327    0.1163    2.8552
    0.5511    0.2388    0.1163    2.9539
    0.5450    0.2449    0.1163    3.0556
    0.5388    0.2511    0.1163    3.1601
    0.5327    0.2572    0.1163    3.2672
    0.5266    0.2633    0.1163    3.3765
    0.5205    0.2694    0.1163    3.4873
    0.5144    0.2755    0.1163    3.5989
    0.5082    0.2817    0.1163    3.7097
    0.5021    0.2878    0.1163    3.8164
    0.4960    0.2939    0.1163    3.9109
    0.4899    0.3000    0.1163    3.9713
    0.4837    0.3062    0.1163    3.9570
    0.4776    0.3123    0.1163    3.8661
    0.4715    0.3184    0.1163    3.7406
    0.4654    0.3245    0.1163    3.6057
    0.4592    0.3307    0.1163    3.4714
    0.4531    0.3368    0.1163    3.3419
    0.4470    0.3429    0.1163    3.2198
    0.4409    0.3490    0.1163    3.1067
    0.4347    0.3551    0.1163    3.0042
    0.4286    0.3613    0.1163    2.9135
    0.4225    0.3674    0.1163    2.8357
    0.4164    0.3735    0.1163    2.7721
    0.4103    0.3796    0.1163    2.7234
    0.4041    0.3858    0.1163    2.6906
    0.3980    0.3919    0.1163    2.6740
    0.6123    0.1715    0.1225    2.0655
    0.6062    0.1776    0.1225    2.1199
    0.6001    0.1837    0.1225    2.1794
    0.5940    0.1898    0.1225    2.2440
    0.5878    0.1959    0.1225    2.3134
    0.5817    0.2021    0.1225    2.3874
    0.5756    0.2082    0.1225    2.4659
    0.5695    0.2143    0.1225    2.5486
    0.5633    0.2204    0.1225    2.6354
    0.5572    0.2266    0.1225    2.7260
    0.5511    0.2327    0.1225    2.8203
    0.5450    0.2388    0.1225    2.9181
    0.5388    0.2449    0.1225    3.0190
    0.5327    0.2511    0.1225    3.1230
    0.5266    0.2572    0.1225    3.2296
    0.5205    0.2633    0.1225    3.3386
    0.5144    0.2694    0.1225    3.4494
    0.5082    0.2755    0.1225    3.5613
    0.5021    0.2817    0.1225    3.6729
    0.4960    0.2878    0.1225    3.7815
    0.4899    0.2939    0.1225    3.8796
    0.4837    0.3000    0.1225    3.9459
    0.4776    0.3062    0.1225    3.9350
    0.4715    0.3123    0.1225    3.8428
    0.4654    0.3184    0.1225    3.7169
    0.4592    0.3245    0.1225    3.5835
    0.4531    0.3307    0.1225    3.4519
    0.4470    0.3368    0.1225    3.3261
    0.4409    0.3429    0.1225    3.2085
    0.4347    0.3490    0.1225    3.1007
    0.4286    0.3551    0.1225    3.0040
    0.4225    0.3613    0.1225    2.9197
    0.4164    0.3674    0.1225    2.8490
    0.4103    0.3735    0.1225    2.7928
    0.4041    0.3796    0.1225    2.7521
    0.3980    0.3858    0.1225    2.7273
    0.3919    0.3919    0.1225    2.7190
    0.6123    0.1653    0.1286    2.0053
    0.6062    0.1715    0.1286    2.0519
    0.6001    0.1776    0.1286    2.1040
    0.5940    0.1837    0.1286    2.1614
    0.5878    0.1898    0.1286    2.2239
    0.5817    0.1959    0.1286    2.2913
    0.5756    0.2021    0.1286    2.3636
    0.5695    0.2082    0.1286    2.4404
    0.5633    0.2143    0.1286    2.5216
    0.5572    0.2204    0.1286    2.6070
    0.5511    0.2266    0.1286    2.6963
    0.5450    0.2327    0.1286    2.7895
    0.5388    0.2388    0.1286    2.8862
    0.5327    0.2449    0.1286    2.9863
    0.5266    0.2511    0.1286    3.0895
    0.5205    0.2572    0.1286    3.1955
    0.5144    0.2633    0.1286    3.3041
    0.5082    0.2694    0.1286    3.4147
    0.5021    0.2755    0.1286    3.5267
    0.4960    0.2817    0.1286    3.6391
    0.4899    0.2878    0.1286    3.7493
    0.4837    0.2939    0.1286    3.8511
    0.4776    0.3000    0.1286    3.9239
    0.4715    0.3062    0.1286    3.9167
    0.4654    0.3123    0.1286    3.8223
    0.4592    0.3184    0.1286    3.6957
    0.4531    0.3245    0.1286    3.5638
    0.4470    0.3307    0.1286    3.4352
    0.4409    0.3368    0.1286    3.3134
    0.4347    0.3429    0.1286    3.2005
    0.4286    0.3490    0.1286    3.0981
    0.4225    0.3551    0.1286    3.0075
    0.4164    0.3613    0.1286    2.9300
    0.4103    0.3674    0.1286    2.8665
    0.4041    0.3735    0.1286    2.8180
    0.3980    0.3796    0.1286    2.7852
    0.3919    0.3858    0.1286    2.7687
    0.6123    0.1592    0.1347    1.9616
    0.6062    0.1653    0.1347    1.9999
    0.6001    0.1715    0.1347    2.0440
    0.5940    0.1776    0.1347    2.0936
    0.5878    0.1837    0.1347    2.1487
    0.5817    0.1898    0.1347    2.2090
    0.5756    0.1959    0.1347    2.2744
    0.5695    0.2021    0.1347    2.3447
    0.5633    0.2082    0.1347    2.4197
    0.5572    0.2143    0.1347    2.4992
    0.5511    0.2204    0.1347    2.5831
    0.5450    0.2266    0.1347    2.6710
    0.5388    0.2327    0.1347    2.7629
    0.5327    0.2388    0.1347    2.8585
    0.5266    0.2449    0.1347    2.9575
    0.5205    0.2511    0.1347    3.0598
    0.5144    0.2572    0.1347    3.1650
    0.5082    0.2633    0.1347    3.2730
    0.5021    0.2694    0.1347    3.3832
    0.4960    0.2755    0.1347    3.4952
    0.4899    0.2817    0.1347    3.6080
    0.4837    0.2878    0.1347    3.7197
    0.4776    0.2939    0.1347    3.8251
    0.4715    0.3000    0.1347    3.9052
    0.4654    0.3062    0.1347    3.9021
    0.4592    0.3123    0.1347    3.8043
    0.4531    0.3184    0.1347    3.6768
    0.4470    0.3245    0.1347    3.5466
    0.4409    0.3307    0.1347    3.4211
    0.4347    0.3368    0.1347    3.3034
    0.4286    0.3429    0.1347    3.1956
    0.4225    0.3490    0.1347    3.0989
    0.4164    0.3551    0.1347    3.0147
    0.4103    0.3613    0.1347    2.9441
    0.4041    0.3674    0.1347    2.8880
    0.3980    0.3735    0.1347    2.8473
    0.3919    0.3796    0.1347    2.8226
    0.3858    0.3858    0.1347    2.8143
    0.6123    0.1531    0.1408    1.9350
    0.6062    0.1592    0.1408    1.9647
    0.6001    0.1653    0.1408    2.0004
    0.5940    0.1715    0.1408    2.0418
    0.5878    0.1776    0.1408    2.0889
    0.5817    0.1837    0.1408    2.1415
    0.5756    0.1898    0.1408    2.1995
    0.5695    0.1959    0.1408    2.2627
    0.5633    0.2021    0.1408    2.3309
    0.5572    0.2082    0.1408    2.4040
    0.5511    0.2143    0.1408    2.4817
    0.5450    0.2204    0.1408    2.5638
    0.5388    0.2266    0.1408    2.6502
    0.5327    0.2327    0.1408    2.7406
    0.5266    0.2388    0.1408    2.8349
    0.5205    0.2449    0.1408    2.9327
    0.5144    0.2511    0.1408    3.0339
    0.5082    0.2572    0.1408    3.1381
    0.5021    0.2633    0.1408    3.2453
    0.4960    0.2694    0.1408    3.3549
    0.4899    0.2755    0.1408    3.4666
    0.4837    0.2817    0.1408    3.5797
    0.4776    0.2878    0.1408    3.6926
    0.4715    0.2939    0.1408    3.8013
    0.4654    0.3000    0.1408    3.8894
    0.4592    0.3062    0.1408    3.8910
    0.4531    0.3123    0.1408    3.7882
    0.4470    0.3184    0.1408    3.6598
    0.4409    0.3245    0.1408    3.5313
    0.4347    0.3307    0.1408    3.4092
    0.4286    0.3368    0.1408    3.2960
    0.4225    0.3429    0.1408    3.1935
    0.4164    0.3490    0.1408    3.1028
    0.4103    0.3551    0.1408    3.0252
    0.4041    0.3613    0.1408    2.9617
    0.3980    0.3674    0.1408    2.9132
    0.3919    0.3735    0.1408    2.8805
    0.3858    0.3796    0.1408    2.8640
    0.6123    0.1470    0.1470    1.9261
    0.6062    0.1531    0.1470    1.9470
    0.6001    0.1592    0.1470    1.9739
    0.5940    0.1653    0.1470    2.0067
    0.5878    0.1715    0.1470    2.0454
    0.5817    0.1776    0.1470    2.0898
    0.5756    0.1837    0.1470    2.1399
    0.5695    0.1898    0.1470    2.1955
    0.5633    0.1959    0.1470    2.2563
    0.5572    0.2021    0.1470    2.3224
    0.5511    0.2082    0.1470    2.3933
    0.5450    0.2143    0.1470    2.4690
    0.5388    0.2204    0.1470    2.5493
    0.5327    0.2266    0.1470    2.6340
    0.5266    0.2327    0.1470    2.7227
    0.5205    0.2388    0.1470    2.8154
    0.5144    0.2449    0.1470    2.9119
    0.5082    0.2511    0.1470    3.0117
    0.5021    0.2572    0.1470    3.1149
    0.4960    0.2633    0.1470    3.2210
    0.4899    0.2694    0.1470    3.3298
    0.4837    0.2755    0.1470    3.4409
    0.4776    0.2817    0.1470    3.5538
    0.4715    0.2878    0.1470    3.6675
    0.4654    0.2939    0.1470    3.7791
    0.4592    0.3000    0.1470    3.8761
    0.4531    0.3062    0.1470    3.8832
    0.4470    0.3123    0.1470    3.7733
    0.4409    0.3184    0.1470    3.6438
    0.4347    0.3245    0.1470    3.5176
    0.4286    0.3307    0.1470    3.3992
    0.4225    0.3368    0.1470    3.2908
    0.4164    0.3429    0.1470    3.1938
    0.4103    0.3490    0.1470    3.1094
    0.4041    0.3551    0.1470    3.0387
    0.3980    0.3613    0.1470    2.9826
    0.3919    0.3674    0.1470    2.9419
    0.3858    0.3735    0.1470    2.9172
    0.3796    0.3796    0.1470    2.9089
    0.6001    0.1531    0.1531    1.9650
    0.5940    0.1592    0.1531    1.9890
    0.5878    0.1653    0.1531    2.0190
    0.5817    0.1715    0.1531    2.0549
    0.5756    0.1776    0.1531    2.0966
    0.5695    0.1837    0.1531    2.1440
    0.5633    0.1898    0.1531    2.1970
    0.5572    0.1959    0.1531    2.2555
    0.5511    0.2021    0.1531    2.3191
    0.5450    0.2082    0.1531    2.3878
    0.5388    0.2143    0.1531    2.4614
    0.5327    0.2204    0.1531    2.5397
    0.5266    0.2266    0.1531    2.6224
    0.5205    0.2327    0.1531    2.7093
    0.5144    0.2388    0.1531    2.8003
    0.5082    0.2449    0.1531    2.8951
    0.5021    0.2511    0.1531    2.9935
    0.4960    0.2572    0.1531    3.0952
    0.4899    0.2633    0.1531    3.2000
    0.4837    0.2694    0.1531    3.3077
    0.4776    0.2755    0.1531    3.4179
    0.4715    0.2817    0.1531    3.5302
    0.4654    0.2878    0.1531    3.6441
    0.4592    0.2939    0.1531    3.7579
    0.4531    0.3000    0.1531    3.8637
    0.4470    0.3062    0.1531    3.8778
    0.4409    0.3123    0.1531    3.7581
    0.4347    0.3184    0.1531    3.6282
    0.4286    0.3245    0.1531    3.5046
    0.4225    0.3307    0.1531    3.3905
    0.4164    0.3368    0.1531    3.2873
    0.4103    0.3429    0.1531    3.1962
    0.4041    0.3490    0.1531    3.1184
    0.3980    0.3551    0.1531    3.0548
    0.3919    0.3613    0.1531    3.0062
    0.3858    0.3674    0.1531    2.9734
    0.3796    0.3735    0.1531    2.9569
    0.5878    0.1592    0.1592    2.0102
    0.5817    0.1653    0.1592    2.0373
    0.5756    0.1715    0.1592    2.0703
    0.5695    0.1776    0.1592    2.1093
    0.5633    0.1837    0.1592    2.1540
    0.5572    0.1898    0.1592    2.2043
    0.5511    0.1959    0.1592    2.2601
    0.5450    0.2021    0.1592    2.3213
    0.5388    0.2082    0.1592    2.3876
    0.5327    0.2143    0.1592    2.4588
    0.5266    0.2204    0.1592    2.5349
    0.5205    0.2266    0.1592    2.6155
    0.5144    0.2327    0.1592    2.7004
    0.5082    0.2388    0.1592    2.7895
    0.5021    0.2449    0.1592    2.8824
    0.4960    0.2511    0.1592    2.9790
    0.4899    0.2572    0.1592    3.0791
    0.4837    0.2633    0.1592    3.1823
    0.4776    0.2694    0.1592    3.2885
    0.4715    0.2755    0.1592    3.3974
    0.4654    0.2817    0.1592    3.5086
    0.4592    0.2878    0.1592    3.6218
    0.4531    0.2939    0.1592    3.7364
    0.4470    0.3000    0.1592    3.8496
    0.4409    0.3062    0.1592    3.8716
    0.4347    0.3123    0.1592    3.7406
    0.4286    0.3184    0.1592    3.6116
    0.4225    0.3245    0.1592    3.4917
    0.4164    0.3307    0.1592    3.3823
    0.4103    0.3368    0.1592    3.2847
    0.4041    0.3429    0.1592    3.2000
    0.3980    0.3490    0.1592    3.1290
    0.3919    0.3551    0.1592    3.0728
    0.3858    0.3613    0.1592    3.0320
    0.3796    0.3674    0.1592    3.0073
    0.3735    0.3735    0.1592    2.9990
    0.5756    0.1653    0.1653    2.0615
    0.5695    0.1715    0.1653    2.0917
    0.5633    0.1776    0.1653    2.1278
    0.5572    0.1837    0.1653    2.1697
    0.5511    0.1898    0.1653    2.2172
    0.5450    0.1959    0.1653    2.2703
    0.5388    0.2021    0.1653    2.3289
    0.5327    0.2082    0.1653    2.3926
    0.5266    0.2143    0.1653    2.4614
    0.5205    0.2204    0.1653    2.5351
    0.5144    0.2266    0.1653    2.6134
    0.5082    0.2327    0.1653    2.6961
    0.5021    0.2388    0.1653    2.7830
    0.4960    0.2449    0.1653    2.8738
    0.4899    0.2511    0.1653    2.9684
    0.4837    0.2572    0.1653    3.0665
    0.4776    0.2633    0.1653    3.1678
    0.4715    0.2694    0.1653    3.2720
    0.4654    0.2755    0.1653    3.3790
    0.4592    0.2817    0.1653    3.4885
    0.4531    0.2878    0.1653    3.6000
    0.4470    0.2939    0.1653    3.7134
    0.4409    0.3000    0.1653    3.8283
    0.4347    0.3062    0.1653    3.8533
    0.4286    0.3123    0.1653    3.7183
    0.4225    0.3184    0.1653    3.5927
    0.4164    0.3245    0.1653    3.4775
    0.4103    0.3307    0.1653    3.3737
    0.4041    0.3368    0.1653    3.2823
    0.3980    0.3429    0.1653    3.2043
    0.3919    0.3490    0.1653    3.1406
    0.3858    0.3551    0.1653    3.0920
    0.3796    0.3613    0.1653    3.0592
    0.3735    0.3674    0.1653    3.0427
    0.5633    0.1715    0.1715    2.1190
    0.5572    0.1776    0.1715    2.1522
    0.5511    0.1837    0.1715    2.1912
    0.5450    0.1898    0.1715    2.2359
    0.5388    0.1959    0.1715    2.2862
    0.5327    0.2021    0.1715    2.3420
    0.5266    0.2082    0.1715    2.4030
    0.5205    0.2143    0.1715    2.4692
    0.5144    0.2204    0.1715    2.5403
    0.5082    0.2266    0.1715    2.6160
    0.5021    0.2327    0.1715    2.6963
    0.4960    0.2388    0.1715    2.7808
    0.4899    0.2449    0.1715    2.8693
    0.4837    0.2511    0.1715    2.9615
    0.4776    0.2572    0.1715    3.0573
    0.4715    0.2633    0.1715    3.1562
    0.4654    0.2694    0.1715    3.2581
    0.4592    0.2755    0.1715    3.3626
    0.4531    0.2817    0.1715    3.4693
    0.4470    0.2878    0.1715    3.5778
    0.4409    0.2939    0.1715    3.6872
    0.4347    0.3000    0.1715    3.7936
    0.4286    0.3062    0.1715    3.8084
    0.4225    0.3123    0.1715    3.6883
    0.4164    0.3184    0.1715    3.5697
    0.4103    0.3245    0.1715    3.4609
    0.4041    0.3307    0.1715    3.3636
    0.3980    0.3368    0.1715    3.2790
    0.3919    0.3429    0.1715    3.2082
    0.3858    0.3490    0.1715    3.1520
    0.3796    0.3551    0.1715    3.1113
    0.3735    0.3613    0.1715    3.0867
    0.3674    0.3674    0.1715    3.0784
    0.5511    0.1776    0.1776    2.1825
    0.5450    0.1837    0.1776    2.2185
    0.5388    0.1898    0.1776    2.2603
    0.5327    0.1959    0.1776    2.3077
    0.5266    0.2021    0.1776    2.3606
    0.5205    0.2082    0.1776    2.4188
    0.5144    0.2143    0.1776    2.4822
    0.5082    0.2204    0.1776    2.5505
    0.5021    0.2266    0.1776    2.6235
    0.4960    0.2327    0.1776    2.7011
    0.4899    0.2388    0.1776    2.7829
    0.4837    0.2449    0.1776    2.8687
    0.4776    0.2511    0.1776    2.9583
    0.4715    0.2572    0.1776    3.0513
    0.4654    0.2633    0.1776    3.1474
    0.4592    0.2694    0.1776    3.2463
    0.4531    0.2755    0.1776    3.3475
    0.4470    0.2817    0.1776    3.4504
    0.4409    0.2878    0.1776    3.5541
    0.4347    0.2939    0.1776    3.6560
    0.4286    0.3000    0.1776    3.7448
    0.4225    0.3062    0.1776    3.7470
    0.4164    0.3123    0.1776    3.6488
    0.4103    0.3184    0.1776    3.5408
    0.4041    0.3245    0.1776    3.4401
    0.3980    0.3307    0.1776    3.3504
    0.3919    0.3368    0.1776    3.2734
    0.3858    0.3429    0.1776    3.2103
    0.3796    0.3490    0.1776    3.1621
    0.3735    0.3551    0.1776    3.1295
    0.3674    0.3613    0.1776    3.1131
    0.5388    0.1837    0.1837    2.2516
    0.5327    0.1898    0.1837    2.2904
    0.5266    0.1959    0.1837    2.3349
    0.5205    0.2021    0.1837    2.3848
    0.5144    0.2082    0.1837    2.4400
    0.5082    0.2143    0.1837    2.5004
    0.5021    0.2204    0.1837    2.5657
    0.4960    0.2266    0.1837    2.6358
    0.4899    0.2327    0.1837    2.7104
    0.4837    0.2388    0.1837    2.7893
    0.4776    0.2449    0.1837    2.8721
    0.4715    0.2511    0.1837    2.9586
    0.4654    0.2572    0.1837    3.0484
    0.4592    0.2633    0.1837    3.1411
    0.4531    0.2694    0.1837    3.2362
    0.4470    0.2755    0.1837    3.3332
    0.4409    0.2817    0.1837    3.4310
    0.4347    0.2878    0.1837    3.5278
    0.4286    0.2939    0.1837    3.6187
    0.4225    0.3000    0.1837    3.6861
    0.4164    0.3062    0.1837    3.6791
    0.4103    0.3123    0.1837    3.5998
    0.4041    0.3184    0.1837    3.5047
    0.3980    0.3245    0.1837    3.4137
    0.3919    0.3307    0.1837    3.3326
    0.3858    0.3368    0.1837    3.2639
    0.3796    0.3429    0.1837    3.2091
    0.3735    0.3490    0.1837    3.1691
    0.3674    0.3551    0.1837    3.1449
    0.3613    0.3613    0.1837    3.1368
    0.5266    0.1898    0.1898    2.3262
    0.5205    0.1959    0.1898    2.3676
    0.5144    0.2021    0.1898    2.4144
    0.5082    0.2082    0.1898    2.4665
    0.5021    0.2143    0.1898    2.5238
    0.4960    0.2204    0.1898    2.5859
    0.4899    0.2266    0.1898    2.6529
    0.4837    0.2327    0.1898    2.7242
    0.4776    0.2388    0.1898    2.7998
    0.4715    0.2449    0.1898    2.8792
    0.4654    0.2511    0.1898    2.9622
    0.4592    0.2572    0.1898    3.0482
    0.4531    0.2633    0.1898    3.1368
    0.4470    0.2694    0.1898    3.2274
    0.4409    0.2755    0.1898    3.3190
    0.4347    0.2817    0.1898    3.4101
    0.4286    0.2878    0.1898    3.4976
    0.4225    0.2939    0.1898    3.5743
    0.4164    0.3000    0.1898    3.6211
    0.4103    0.3062    0.1898    3.6075
    0.4041    0.3123    0.1898    3.5422
    0.3980    0.3184    0.1898    3.4604
    0.3919    0.3245    0.1898    3.3803
    0.3858    0.3307    0.1898    3.3087
    0.3796    0.3368    0.1898    3.2488
    0.3735    0.3429    0.1898    3.2026
    0.3674    0.3490    0.1898    3.1713
    0.3613    0.3551    0.1898    3.1554
    0.5144    0.1959    0.1959    2.4058
    0.5082    0.2021    0.1959    2.4494
    0.5021    0.2082    0.1959    2.4983
    0.4960    0.2143    0.1959    2.5522
    0.4899    0.2204    0.1959    2.6110
    0.4837    0.2266    0.1959    2.6745
    0.4776    0.2327    0.1959    2.7424
    0.4715    0.2388    0.1959    2.8143
    0.4654    0.2449    0.1959    2.8899
    0.4592    0.2511    0.1959    2.9688
    0.4531    0.2572    0.1959    3.0504
    0.4470    0.2633    0.1959    3.1342
    0.4409    0.2694    0.1959    3.2192
    0.4347    0.2755    0.1959    3.3041
    0.4286    0.2817    0.1959    3.3866
    0.4225    0.2878    0.1959    3.4625
    0.4164    0.2939    0.1959    3.5230
    0.4103    0.3000    0.1959    3.5514
    0.4041    0.3062    0.1959    3.5328
    0.3980    0.3123    0.1959    3.4773
    0.3919    0.3184    0.1959    3.4077
    0.3858    0.3245    0.1959    3.3386
    0.3796    0.3307    0.1959    3.2770
    0.3735    0.3368    0.1959    3.2265
    0.3674    0.3429    0.1959    3.1892
    0.3613    0.3490    0.1959    3.1663
    0.3551    0.3551    0.1959    3.1586
    0.5021    0.2021    0.2021    2.4897
    0.4960    0.2082    0.2021    2.5352
    0.4899    0.2143    0.2021    2.5857
    0.4837    0.2204    0.2021    2.6409
    0.4776    0.2266    0.2021    2.7007
    0.4715    0.2327    0.2021    2.7646
    0.4654    0.2388    0.2021    2.8325
    0.4592    0.2449    0.2021    2.9038
    0.4531    0.2511    0.2021    2.9780
    0.4470    0.2572    0.2021    3.0545
    0.4409    0.2633    0.2021    3.1325
    0.4347    0.2694    0.2021    3.2107
    0.4286    0.2755    0.2021    3.2873
    0.4225    0.2817    0.2021    3.3594
    0.4164    0.2878    0.2021    3.4216
    0.4103    0.2939    0.2021    3.4651
    0.4041    0.3000    0.2021    3.4779
    0.3980    0.3062    0.2021    3.4551
    0.3919    0.3123    0.2021    3.4063
    0.3858    0.3184    0.2021    3.3471
    0.3796    0.3245    0.2021    3.2883
    0.3735    0.3307    0.2021    3.2365
    0.3674    0.3368    0.2021    3.1953
    0.3613    0.3429    0.2021    3.1668
    0.3551    0.3490    0.2021    3.1523
    0.4899    0.2082    0.2082    2.5772
    0.4837    0.2143    0.2082    2.6240
    0.4776    0.2204    0.2082    2.6754
    0.4715    0.2266    0.2082    2.7311
    0.4654    0.2327    0.2082    2.7908
    0.4592    0.2388    0.2082    2.8541
    0.4531    0.2449    0.2082    2.9205
    0.4470    0.2511    0.2082    2.9894
    0.4409    0.2572    0.2082    3.0599
    0.4347    0.2633    0.2082    3.1309
    0.4286    0.2694    0.2082    3.2010
    0.4225    0.2755    0.2082    3.2676
    0.4164    0.2817    0.2082    3.3273
    0.4103    0.2878    0.2082    3.3743
    0.4041    0.2939    0.2082    3.4010
    0.3980    0.3000    0.2082    3.4009
    0.3919    0.3062    0.2082    3.3744
    0.3858    0.3123    0.2082    3.3302
    0.3796    0.3184    0.2082    3.2792
    0.3735    0.3245    0.2082    3.2296
    0.3674    0.3307    0.2082    3.1870
    0.3613    0.3368    0.2082    3.1546
    0.3551    0.3429    0.2082    3.1344
    0.3490    0.3490    0.2082    3.1276
    0.4776    0.2143    0.2143    2.6669
    0.4715    0.2204    0.2143    2.7142
    0.4654    0.2266    0.2143    2.7656
    0.4592    0.2327    0.2143    2.8206
    0.4531    0.2388    0.2143    2.8789
    0.4470    0.2449    0.2143    2.9397
    0.4409    0.2511    0.2143    3.0023
    0.4347    0.2572    0.2143    3.0658
    0.4286    0.2633    0.2143    3.1286
    0.4225    0.2694    0.2143    3.1889
    0.4164    0.2755    0.2143    3.2438
    0.4103    0.2817    0.2143    3.2894
    0.4041    0.2878    0.2143    3.3204
    0.3980    0.2939    0.2143    3.3316
    0.3919    0.3000    0.2143    3.3206
    0.3858    0.3062    0.2143    3.2908
    0.3796    0.3123    0.2143    3.2496
    0.3735    0.3184    0.2143    3.2050
    0.3674    0.3245    0.2143    3.1632
    0.3613    0.3307    0.2143    3.1287
    0.3551    0.3368    0.2143    3.1044
    0.3490    0.3429    0.2143    3.0918
    0.4654    0.2204    0.2204    2.7571
    0.4592    0.2266    0.2204    2.8037
    0.4531    0.2327    0.2204    2.8536
    0.4470    0.2388    0.2204    2.9061
    0.4409    0.2449    0.2204    2.9606
    0.4347    0.2511    0.2204    3.0161
    0.4286    0.2572    0.2204    3.0712
    0.4225    0.2633    0.2204    3.1244
    0.4164    0.2694    0.2204    3.1733
    0.4103    0.2755    0.2204    3.2148
    0.4041    0.2817    0.2204    3.2450
    0.3980    0.2878    0.2204    3.2600
    0.3919    0.2939    0.2204    3.2572
    0.3858    0.3000    0.2204    3.2372
    0.3796    0.3062    0.2204    3.2045
    0.3735    0.3123    0.2204    3.1653
    0.3674    0.3184    0.2204    3.1256
    0.3613    0.3245    0.2204    3.0904
    0.3551    0.3307    0.2204    3.0630
    0.3490    0.3368    0.2204    3.0457
    0.3429    0.3429    0.2204    3.0397
    0.4531    0.2266    0.2266    2.8451
    0.4470    0.2327    0.2266    2.8892
    0.4409    0.2388    0.2266    2.9353
    0.4347    0.2449    0.2266    2.9825
    0.4286    0.2511    0.2266    3.0296
    0.4225    0.2572    0.2266    3.0751
    0.4164    0.2633    0.2266    3.1171
    0.4103    0.2694    0.2266    3.1529
    0.4041    0.2755    0.2266    3.1795
    0.3980    0.2817    0.2266    3.1938
    0.3919    0.2878    0.2266    3.1935
    0.3858    0.2939    0.2266    3.1785
    0.3796    0.3000    0.2266    3.1511
    0.3735    0.3062    0.2266    3.1159
    0.3674    0.3123    0.2266    3.0781
    0.3613    0.3184    0.2266    3.0425
    0.3551    0.3245    0.2266    3.0126
    0.3490    0.3307    0.2266    2.9913
    0.3429    0.3368    0.2266    2.9803
    0.4409    0.2327    0.2327    2.9269
    0.4347    0.2388    0.2327    2.9656
    0.4286    0.2449    0.2327    3.0044
    0.4225    0.2511    0.2327    3.0418
    0.4164    0.2572    0.2327    3.0762
    0.4103    0.2633    0.2327    3.1052
    0.4041    0.2694    0.2327    3.1264
    0.3980    0.2755    0.2327    3.1373
    0.3919    0.2817    0.2327    3.1359
    0.3858    0.2878    0.2327    3.1217
    0.3796    0.2939    0.2327    3.0962
    0.3735    0.3000    0.2327    3.0628
    0.3674    0.3062    0.2327    3.0257
    0.3613    0.3123    0.2327    2.9892
    0.3551    0.3184    0.2327    2.9569
    0.3490    0.3245    0.2327    2.9319
    0.3429    0.3307    0.2327    2.9160
    0.3368    0.3368    0.2327    2.9106
    0.4286    0.2388    0.2388    2.9959
    0.4225    0.2449    0.2388    3.0251
    0.4164    0.2511    0.2388    3.0513
    0.4103    0.2572    0.2388    3.0728
    0.4041    0.2633    0.2388    3.0874
    0.3980    0.2694    0.2388    3.0930
    0.3919    0.2755    0.2388    3.0879
    0.3858    0.2817    0.2388    3.0717
    0.3796    0.2878    0.2388    3.0453
    0.3735    0.2939    0.2388    3.0113
    0.3674    0.3000    0.2388    2.9733
    0.3613    0.3062    0.2388    2.9349
    0.3551    0.3123    0.2388    2.8997
    0.3490    0.3184    0.2388    2.8707
    0.3429    0.3245    0.2388    2.8501
    0.3368    0.3307    0.2388    2.8394
    0.4164    0.2449    0.2449    3.0430
    0.4103    0.2511    0.2449    3.0565
    0.4041    0.2572    0.2449    3.0636
    0.3980    0.2633    0.2449    3.0626
    0.3919    0.2694    0.2449    3.0522
    0.3858    0.2755    0.2449    3.0318
    0.3796    0.2817    0.2449    3.0023
    0.3735    0.2878    0.2449    2.9657
    0.3674    0.2939    0.2449    2.9250
    0.3613    0.3000    0.2449    2.8835
    0.3551    0.3062    0.2449    2.8446
    0.3490    0.3123    0.2449    2.8111
    0.3429    0.3184    0.2449    2.7854
    0.3368    0.3245    0.2449    2.7693
    0.3307    0.3307    0.2449    2.7639
    0.4041    0.2511    0.2511    3.0556
    0.3980    0.2572    0.2511    3.0472
    0.3919    0.2633    0.2511    3.0302
    0.3858    0.2694    0.2511    3.0041
    0.3796    0.2755    0.2511    2.9698
    0.3735    0.2817    0.2511    2.9289
    0.3674    0.2878    0.2511    2.8841
    0.3613    0.2939    0.2511    2.8384
    0.3551    0.3000    0.2511    2.7949
    0.3490    0.3062    0.2511    2.7563
    0.3429    0.3123    0.2511    2.7251
    0.3368    0.3184    0.2511    2.7032
    0.3307    0.3245    0.2511    2.6919
    0.3919    0.2572    0.2572    3.0227
    0.3858    0.2633    0.2572    2.9900
    0.3796    0.2694    0.2572    2.9496
    0.3735    0.2755    0.2572    2.9033
    0.3674    0.2817    0.2572    2.8533
    0.3613    0.2878    0.2572    2.8023
    0.3551    0.2939    0.2572    2.7533
    0.3490    0.3000    0.2572    2.7089
    0.3429    0.3062    0.2572    2.6716
    0.3368    0.3123    0.2572    2.6435
    0.3307    0.3184    0.2572    2.6259
    0.3245    0.3245    0.2572    2.6200
    0.3796    0.2633    0.2633    2.9428
    0.3735    0.2694    0.2633    2.8901
    0.3674    0.2755    0.2633    2.8341
    0.3613    0.2817    0.2633    2.7772
    0.3551    0.2878    0.2633    2.7220
    0.3490    0.2939    0.2633    2.6713
    0.3429    0.3000    0.2633    2.6275
    0.3368    0.3062    0.2633    2.5925
    0.3307    0.3123    0.2633    2.5683
    0.3245    0.3184    0.2633    2.5558
    0.3674    0.2694    0.2694    2.8276
    0.3613    0.2755    0.2694    2.7643
    0.3551    0.2817    0.2694    2.7027
    0.3490    0.2878    0.2694    2.6453
    0.3429    0.2939    0.2694    2.5945
    0.3368    0.3000    0.2694    2.5524
    0.3307    0.3062    0.2694    2.5209
    0.3245    0.3123    0.2694    2.5014
    0.3184    0.3184    0.2694    2.4948
    0.3551    0.2755    0.2755    2.6961
    0.3490    0.2817    0.2755    2.6319
    0.3429    0.2878    0.2755    2.5741
    0.3368    0.2939    0.2755    2.5247
    0.3307    0.3000    0.2755    2.4857
    0.3245    0.3062    0.2755    2.4587
    0.3184    0.3123    0.2755    2.4450
    0.3429    0.2817    0.2817    2.5672
    0.3368    0.2878    0.2817    2.5105
    0.3307    0.2939    0.2817    2.4640
    0.3245    0.3000    0.2817    2.4293
    0.3184    0.3062    0.2817    2.4080
    0.3123    0.3123    0.2817    2.4007
    0.3307    0.2878    0.2878    2.4566
    0.3245    0.2939    0.2878    2.4143
    0.3184    0.3000    0.2878    2.3852
    0.3123    0.3062    0.2878    2.3703
    0.3184    0.2939    0.2939    2.3775
    0.3123    0.3000    0.2939    2.3548
    0.3062    0.3062    0.2939    2.3471
    0.3062    0.3000    0.3000    2.3392
